frameIndex,frameTime,pcm_loudness_sma,pcm_fftMag_mfcc_sma[0],pcm_fftMag_mfcc_sma[1],pcm_fftMag_mfcc_sma[2],pcm_fftMag_mfcc_sma[3],pcm_fftMag_mfcc_sma[4],pcm_fftMag_mfcc_sma[5],pcm_fftMag_mfcc_sma[6],pcm_fftMag_mfcc_sma[7],pcm_fftMag_mfcc_sma[8],pcm_fftMag_mfcc_sma[9],pcm_fftMag_mfcc_sma[10],pcm_fftMag_mfcc_sma[11],pcm_fftMag_mfcc_sma[12],pcm_fftMag_mfcc_sma[13],pcm_fftMag_mfcc_sma[14],logMelFreqBand_sma[0],logMelFreqBand_sma[1],logMelFreqBand_sma[2],logMelFreqBand_sma[3],logMelFreqBand_sma[4],logMelFreqBand_sma[5],logMelFreqBand_sma[6],logMelFreqBand_sma[7],lspFreq_sma[0],lspFreq_sma[1],lspFreq_sma[2],lspFreq_sma[3],lspFreq_sma[4],lspFreq_sma[5],lspFreq_sma[6],lspFreq_sma[7],F0finEnv_sma,voicingFinalUnclipped_sma,pcm_loudness_sma_de,pcm_fftMag_mfcc_sma_de[0],pcm_fftMag_mfcc_sma_de[1],pcm_fftMag_mfcc_sma_de[2],pcm_fftMag_mfcc_sma_de[3],pcm_fftMag_mfcc_sma_de[4],pcm_fftMag_mfcc_sma_de[5],pcm_fftMag_mfcc_sma_de[6],pcm_fftMag_mfcc_sma_de[7],pcm_fftMag_mfcc_sma_de[8],pcm_fftMag_mfcc_sma_de[9],pcm_fftMag_mfcc_sma_de[10],pcm_fftMag_mfcc_sma_de[11],pcm_fftMag_mfcc_sma_de[12],pcm_fftMag_mfcc_sma_de[13],pcm_fftMag_mfcc_sma_de[14],logMelFreqBand_sma_de[0],logMelFreqBand_sma_de[1],logMelFreqBand_sma_de[2],logMelFreqBand_sma_de[3],logMelFreqBand_sma_de[4],logMelFreqBand_sma_de[5],logMelFreqBand_sma_de[6],logMelFreqBand_sma_de[7],lspFreq_sma_de[0],lspFreq_sma_de[1],lspFreq_sma_de[2],lspFreq_sma_de[3],lspFreq_sma_de[4],lspFreq_sma_de[5],lspFreq_sma_de[6],lspFreq_sma_de[7],F0finEnv_sma_de,voicingFinalUnclipped_sma_de,F0final_sma,jitterLocal_sma,jitterDDP_sma,shimmerLocal_sma,F0final_sma_de,jitterLocal_sma_de,jitterDDP_sma_de,shimmerLocal_sma_de
0,0.000000,1.197344e-01,-3.826971e+01,-1.350232e+01,-6.248600e-01,-1.538072e+01,-1.578977e+01,4.103875e+00,6.676388e+00,1.745057e+01,-1.361343e+01,-4.989155e+00,-3.353631e+00,2.649758e+00,-8.693084e+00,-1.090177e+00,-1.516959e+01,-6.175788e+00,-4.991720e+00,-3.517459e+00,-3.883015e+00,-4.880825e+00,-3.982810e+00,-3.426070e+00,-2.511571e+00,4.322338e-01,5.704671e-01,8.296719e-01,1.170860e+00,1.509594e+00,1.639342e+00,1.904882e+00,2.643857e+00,0,2.282510e-01,6.369780e-03,8.815106e-01,-2.119158e-01,-2.507476e+00,-1.452036e+00,9.312531e-01,-1.169902e+00,-2.467639e+00,-1.720746e+00,2.526450e+00,2.482458e+00,-1.947303e+00,-7.357705e-01,9.914738e-01,1.986124e+00,2.878227e-01,-6.824865e-02,1.922988e-01,1.402683e-01,2.180915e-01,4.129892e-01,1.279043e-01,7.622905e-02,3.426848e-02,-1.595330e-03,5.943066e-03,-2.688706e-04,-2.028809e-02,-1.634538e-02,-1.000278e-02,-2.552903e-03,-9.013844e-03,1.213287e+01,1.226594e-01,0,0,0,0,1.213287e+01,0,0,0
1,0.010000,1.012322e-01,-3.724827e+01,-1.406426e+01,-4.123949e+00,-1.894662e+01,-1.605919e+01,2.042539e+00,3.646251e+00,1.501369e+01,-7.229533e+00,-3.714539e-01,-6.384941e+00,1.972810e+00,-7.222809e+00,3.236744e+00,-1.516051e+01,-6.464075e+00,-4.657637e+00,-3.257055e+00,-3.686868e+00,-4.387599e+00,-3.908813e+00,-3.296738e+00,-2.500416e+00,4.233183e-01,5.535954e-01,7.986825e-01,1.137516e+00,1.469967e+00,1.622652e+00,1.865001e+00,2.606197e+00,0,4.566890e-01,9.321718e-03,1.932895e+00,-2.764845e-02,-5.074921e+00,-1.639222e+00,3.188081e+00,-8.836164e-01,-3.418520e+00,-3.144243e+00,2.339274e+00,3.265076e+00,-3.444469e+00,-2.436105e+00,1.431438e+00,1.745338e+00,4.901001e-01,3.283877e-02,2.821499e-01,2.954532e-01,5.369700e-01,8.409707e-01,3.496314e-01,1.534228e-01,6.126919e-02,1.014765e-02,2.131652e-02,1.231742e-02,-2.839804e-02,-2.313881e-02,-1.533957e-02,-5.150580e-03,-1.135871e-02,3.033116e+01,1.589823e-01,0,0,0,0,3.032813e+01,0,0,0
2,0.020000,1.608344e-01,-3.437288e+01,-1.428092e+01,-1.141270e+01,-2.085796e+01,-1.099880e+01,-7.149652e-01,-4.146740e+00,1.006528e+01,-4.173126e+00,5.114285e+00,-1.157449e+01,-6.906199e-01,-4.470852e+00,6.676984e+00,-1.373501e+01,-6.372889e+00,-4.197267e+00,-2.946320e+00,-2.890631e+00,-3.062491e+00,-3.380286e+00,-3.109591e+00,-2.345806e+00,4.287150e-01,6.086182e-01,8.438222e-01,1.086091e+00,1.447680e+00,1.597673e+00,1.912058e+00,2.617618e+00,6.066434e+01,7.273290e-01,1.232491e-02,3.216379e+00,8.514808e-01,-7.415837e+00,-1.194549e+00,5.722316e+00,-1.190887e-01,-3.192670e+00,-4.319472e+00,3.030281e-01,2.987544e+00,-3.518434e+00,-2.857516e+00,2.149282e+00,6.526998e-01,7.609464e-01,2.853066e-01,3.628280e-01,5.296979e-01,9.412225e-01,1.236362e+00,6.259835e-01,2.386907e-01,5.521741e-02,2.521343e-02,3.769426e-02,2.854791e-02,-3.387367e-02,-3.519619e-02,-1.879049e-02,-1.433006e-02,-4.172010e-02,4.853775e+01,1.516193e-01,6.066434e+01,0,0,0,4.855961e+01,0,0,0
3,0.030000,1.457930e-01,-3.055366e+01,-1.325126e+01,-2.060555e+01,-2.083822e+01,-2.244853e+00,2.095213e+00,-5.004648e+00,5.422007e+00,-6.637209e+00,6.284507e+00,-1.646555e+01,-7.860575e+00,-3.647009e+00,3.752934e+00,-1.343637e+01,-5.913044e+00,-3.978197e+00,-2.325763e+00,-1.694357e+00,-1.585138e+00,-2.535914e+00,-2.817196e+00,-2.288107e+00,4.847315e-01,6.579741e-01,8.841838e-01,1.071254e+00,1.424857e+00,1.583478e+00,1.875541e+00,2.600183e+00,1.213236e+02,7.736234e-01,-4.749808e-03,4.048241e+00,1.948669e+00,-7.917869e+00,-6.373245e-01,6.332927e+00,1.027453e+00,-8.083059e-01,-4.032765e+00,-2.711627e+00,1.617855e+00,-1.993209e+00,-1.234202e+00,3.187715e+00,-9.169544e-01,9.846138e-01,5.496687e-01,3.939424e-01,7.865412e-01,1.183893e+00,1.300510e+00,7.908812e-01,3.298945e-01,3.616886e-02,3.483862e-02,3.337802e-02,2.501438e-02,-2.968618e-02,-5.258717e-02,-2.272103e-02,-4.312017e-02,-1.155665e-01,4.855854e+01,8.673625e-02,1.213085e+02,0,0,0,4.862091e+01,0,0,3.258251e-03
4,0.040000,1.590785e-01,-2.553513e+01,-9.651416e+00,-2.946325e+01,-2.040767e+01,5.914637e+00,3.482095e+00,-4.961514e+00,6.490558e-01,-1.239445e+01,6.620584e+00,-1.590550e+01,-6.721127e+00,2.654282e-01,1.915228e+00,-1.222692e+01,-5.024770e+00,-3.517300e+00,-1.334616e+00,-1.731579e-01,-1.002469e-01,-1.539342e+00,-2.472388e+00,-2.341638e+00,5.275944e-01,7.067490e-01,9.296607e-01,1.034623e+00,1.356168e+00,1.564976e+00,1.827962e+00,2.438263e+00,1.820269e+02,8.278804e-01,-1.071571e-02,4.048437e+00,2.339157e+00,-6.739539e+00,-6.143484e-01,3.846872e+00,8.331741e-01,1.222300e+00,-2.736785e+00,-4.121545e+00,9.639755e-01,-1.904201e-03,1.646420e+00,4.399676e+00,-1.168885e+00,6.451171e-01,6.125021e-01,4.317701e-01,9.157546e-01,1.121990e+00,1.052103e+00,7.872244e-01,4.340318e-01,4.657109e-02,2.864895e-02,1.184289e-02,6.383193e-03,-1.672854e-02,-5.293696e-02,-1.586486e-02,-5.313171e-02,-1.417114e-01,3.040438e+01,3.039461e-02,1.821438e+02,0,0,0,3.053979e+01,6.595879e-04,0,7.300389e-03
5,0.050000,7.836106e-02,-2.142595e+01,-6.635670e+00,-3.468802e+01,-2.235838e+01,7.148725e+00,5.081275e+00,1.210852e-02,-4.420178e-01,-1.667700e+01,6.964672e+00,-1.418548e+01,-1.182946e+00,6.347627e+00,1.032850e+00,-1.099149e+01,-4.389790e+00,-3.027909e+00,-1.302011e-01,8.738620e-01,6.338305e-01,-8.748801e-01,-1.965867e+00,-2.321655e+00,5.480717e-01,6.714201e-01,8.808351e-01,1.014820e+00,1.252787e+00,1.525395e+00,1.691448e+00,2.118042e+00,1.821114e+02,8.400946e-01,2.850066e-02,3.362813e+00,1.788158e+00,-4.203860e+00,-9.902716e-01,2.757594e-01,-3.746096e-01,1.571527e+00,-7.061933e-01,-3.997268e+00,9.103538e-01,4.361687e-01,4.020579e+00,4.947316e+00,-3.647214e-01,5.303352e-01,5.033041e-01,4.442489e-01,8.400806e-01,8.139391e-01,6.555227e-01,6.194302e-01,4.692004e-01,1.425204e-01,1.386067e-02,-7.357872e-03,-6.589758e-03,-4.343462e-03,-3.608787e-02,-3.379941e-03,-3.249452e-02,-9.173391e-02,1.228504e+01,1.626475e-02,1.823648e+02,0,0,1.629126e-02,1.252494e+01,1.648970e-03,0,1.091991e-02
6,0.060000,1.409718e-01,-1.869455e+01,-5.892931e+00,-3.806915e+01,-2.316962e+01,3.538773e+00,1.957874e+00,-5.436201e-01,-6.866326e-01,-1.976096e+01,9.594080e+00,-1.272404e+01,4.202666e+00,1.253021e+01,2.192602e+00,-1.173187e+01,-4.072005e+00,-2.513560e+00,5.346723e-01,1.435211e+00,1.088537e+00,-2.746812e-01,-1.365097e+00,-2.096176e+00,5.402896e-01,6.611096e-01,8.774125e-01,1.030666e+00,1.269030e+00,1.547390e+00,1.738446e+00,2.150131e+00,1.822924e+02,8.460665e-01,8.586729e-02,2.311021e+00,8.278116e-01,-1.893956e+00,-1.251989e+00,-2.262690e+00,-1.483863e+00,1.505249e+00,1.608219e+00,-2.743639e+00,6.406290e-01,-9.449377e-01,3.086290e+00,3.335918e+00,-4.690940e-02,-1.940590e-01,2.869564e-01,3.902220e-01,6.166645e-01,4.247274e-01,3.003697e-01,4.187799e-01,4.239930e-01,2.172043e-01,4.834735e-03,-1.771931e-02,-8.791989e-03,1.101315e-02,-7.395768e-03,1.694491e-02,-4.949963e-03,1.673460e-02,2.829559e-01,3.256351e-03,1.828351e+02,3.297939e-03,0,2.835632e-02,6.753113e-01,2.391402e-03,2.510318e-04,1.284614e-02
7,0.070000,2.973496e-01,-1.715988e+01,-6.189709e+00,-3.732190e+01,-2.440860e+01,3.218766e-01,9.842750e-01,6.440400e-01,2.558884e+00,-2.294029e+01,9.349528e+00,-1.587543e+01,6.780427e+00,1.495718e+01,1.790639e+00,-1.103223e+01,-3.872906e+00,-2.258822e+00,9.399956e-01,1.571154e+00,1.098084e+00,-7.109322e-02,-1.024839e+00,-1.698236e+00,5.476872e-01,6.440044e-01,8.773592e-01,1.051515e+00,1.287986e+00,1.575372e+00,1.757826e+00,2.285579e+00,1.826161e+02,8.458541e-01,1.141369e-01,1.542666e+00,5.213234e-01,-4.439697e-01,-1.102258e+00,-2.304617e+00,-2.447471e+00,2.307134e-01,3.091478e+00,-8.113629e-01,-4.550633e-01,-2.518207e+00,1.115401e+00,8.579350e-01,4.554532e-02,-1.614472e-01,1.857916e-01,3.507771e-01,3.801965e-01,1.533004e-01,1.677332e-01,2.641195e-01,2.523623e-01,2.025349e-01,1.522833e-03,-1.480432e-02,5.675584e-03,1.454331e-02,7.530904e-03,2.568989e-02,1.549227e-02,8.983009e-02,4.844925e-01,-1.157510e-03,1.835875e+02,6.595878e-03,0,4.042139e-02,1.089107e+00,1.764723e-03,5.370226e-04,9.053943e-03
8,0.080000,4.789207e-01,-1.611306e+01,-5.735339e+00,-3.761609e+01,-2.564250e+01,-1.985388e+00,-1.888719e+00,2.248766e+00,7.189699e+00,-2.298100e+01,8.631301e+00,-1.978521e+01,4.728636e+00,1.264024e+01,1.301786e+00,-1.317685e+01,-3.848430e+00,-1.950733e+00,1.213608e+00,1.601833e+00,1.169475e+00,1.526644e-01,-8.229368e-01,-1.567326e+00,5.519603e-01,6.318603e-01,8.874388e-01,1.071341e+00,1.301590e+00,1.624712e+00,1.770023e+00,2.438167e+00,1.831893e+02,8.412824e-01,6.420207e-02,1.235842e+00,7.155000e-01,-9.560776e-03,-5.661303e-01,-1.465747e+00,-3.481442e+00,-3.787985e-01,4.182613e+00,1.678719e+00,-2.146517e+00,-2.991329e+00,-1.200392e+00,-1.533584e+00,-4.559247e-01,8.664843e-01,1.715324e-01,3.732989e-01,2.635981e-01,-6.399822e-03,1.820078e-01,2.346422e-01,1.063249e-01,1.114643e-01,-4.935217e-03,-1.749893e-02,9.581441e-03,1.319818e-02,-1.644540e-03,6.113148e-03,1.525879e-05,4.876318e-02,7.547699e-01,-5.214524e-03,1.849090e+02,8.659071e-03,1.255159e-03,5.216562e-02,1.565604e+00,4.651779e-04,1.124044e-03,1.198574e-02
9,0.090000,4.800709e-01,-1.500336e+01,-4.107849e+00,-3.713440e+01,-2.663323e+01,-1.612279e+00,-5.232785e+00,-2.305176e-01,1.107720e+01,-1.912379e+01,5.170745e+00,-2.324593e+01,4.131075e+00,1.058229e+01,1.705985e+00,-1.107623e+01,-3.572620e+00,-1.555437e+00,1.431314e+00,1.557053e+00,1.432027e+00,2.320444e-01,-9.751356e-01,-1.573406e+00,5.498505e-01,6.120232e-01,9.041999e-01,1.067199e+00,1.274162e+00,1.615183e+00,1.753121e+00,2.423174e+00,1.840854e+02,8.366991e-01,-1.774115e-02,1.202904e+00,8.211597e-01,-5.423851e-02,8.429640e-01,-1.029527e+00,-5.207881e+00,-1.593427e+00,4.179174e+00,3.297791e+00,-2.899344e+00,-2.097435e+00,-2.434029e+00,-3.283912e+00,-1.134261e+00,2.719980e+00,2.306366e-01,4.532965e-01,1.595946e-01,-1.173162e-01,2.650330e-01,3.241248e-01,6.705355e-02,4.108484e-02,-1.592589e-02,-1.796580e-02,1.721591e-02,1.690258e-02,-1.512003e-03,-1.722612e-02,-8.191848e-03,5.166769e-03,1.069040e+00,-1.016458e-02,1.867734e+02,6.143047e-03,2.057533e-03,4.965632e-02,2.011850e+00,-3.672041e-04,1.100365e-03,1.123175e-02
10,0.100000,3.706215e-01,-1.359360e+01,-3.356361e+00,-3.821070e+01,-2.488795e+01,-2.822885e+00,-1.234081e+01,-2.000334e+00,1.596727e+01,-1.327561e+01,9.508870e-01,-2.399544e+01,-4.746197e-01,7.049736e+00,-4.469435e-02,-7.377445e+00,-3.364487e+00,-9.987586e-01,1.607004e+00,1.410262e+00,1.831605e+00,7.469609e-01,-8.583243e-01,-1.601270e+00,5.145319e-01,5.896056e-01,9.118993e-01,1.088815e+00,1.267720e+00,1.558050e+00,1.740875e+00,2.325150e+00,1.853316e+02,8.245714e-01,-7.502438e-02,1.056245e+00,3.331987e-01,5.138187e-01,3.098839e+00,-1.564840e+00,-6.339241e+00,-2.242406e+00,3.515306e+00,3.923279e+00,-1.977082e+00,8.402614e-02,-1.729047e+00,-4.017430e+00,-1.574859e+00,5.715910e+00,2.861785e-01,4.605864e-01,1.930904e-02,-2.699144e-01,2.416458e-01,4.039107e-01,1.401405e-01,6.599517e-02,-2.601712e-02,-1.900600e-02,2.497854e-02,2.680019e-02,6.164074e-04,-3.405224e-02,-6.973195e-03,-2.127657e-02,1.249545e+00,-1.989755e-02,1.890702e+02,5.850244e-03,4.591453e-03,8.366757e-02,-1.078507e+01,-6.532205e-04,5.328430e-04,6.938848e-03
11,0.110000,2.627935e-01,-1.240509e+01,-3.273399e+00,-3.729578e+01,-2.057105e+01,-4.407012e+00,-1.982909e+01,-5.198545e+00,1.906597e+01,-1.130403e+01,-1.306983e+00,-2.425749e+01,-2.788088e+00,1.332874e+00,-3.207428e+00,-3.320255e-01,-2.961695e+00,-4.683269e-01,1.541271e+00,1.080358e+00,2.092184e+00,1.252382e+00,-6.718779e-01,-1.475840e+00,4.867720e-01,5.753028e-01,9.512084e-01,1.127291e+00,1.297361e+00,1.522573e+00,1.731441e+00,2.367922e+00,1.868902e+02,8.033867e-01,-6.124781e-02,4.378335e-01,-4.015470e-01,2.154584e+00,5.354102e+00,-2.808722e+00,-6.652728e+00,-2.624604e+00,2.282937e+00,3.123102e+00,3.139257e-01,2.219311e+00,3.951854e-03,-4.117128e+00,-1.379549e+00,6.609167e+00,2.791521e-01,3.554551e-01,-2.177281e-01,-5.122883e-01,4.736329e-02,3.429216e-01,2.179054e-01,1.184897e-01,-3.254523e-02,-1.751792e-02,4.085163e-02,3.964048e-02,1.907827e-02,-1.859295e-02,3.518153e-02,2.683864e-02,1.181641e+00,-7.633267e-02,1.915662e+02,6.164271e-03,3.833677e-03,8.082918e-02,-3.046241e+01,-7.999541e-04,-4.680452e-04,-6.131256e-03
12,0.120000,2.124375e-01,-1.213097e+01,-4.486570e+00,-3.496630e+01,-1.317939e+01,-8.412220e+00,-2.628677e+01,-6.479252e+00,2.077185e+01,-7.274484e+00,1.984757e+00,-1.885930e+01,-4.570195e-01,-2.822202e+00,-4.115805e+00,1.003060e+01,-2.723000e+00,-1.913564e-01,1.255175e+00,4.906082e-01,2.047626e+00,1.662049e+00,-2.738633e-01,-1.286133e+00,4.534140e-01,5.551905e-01,9.888272e-01,1.175295e+00,1.293072e+00,1.500757e+00,1.745997e+00,2.359411e+00,1.880347e+02,7.584508e-01,-2.678742e-02,-9.234805e-01,-8.371813e-01,4.840570e+00,6.393143e+00,-2.992226e+00,-4.836659e+00,-3.052662e+00,-2.121202e-01,2.154542e+00,1.178410e+00,4.337815e+00,3.087594e+00,-2.037976e+00,-3.613155e-01,5.138663e+00,2.127240e-01,7.757023e-02,-5.744042e-01,-7.940063e-01,-3.135383e-01,-7.018876e-03,8.527146e-02,7.889066e-02,-3.869090e-02,-2.035236e-02,4.704903e-02,3.923544e-02,2.683055e-02,2.920330e-03,6.530520e-02,7.649286e-02,8.372742e-01,-1.502437e-01,1.285873e+02,5.382357e-03,3.031302e-03,7.127342e-02,-5.050037e+01,-1.548754e-03,-1.251920e-03,-2.229672e-02
13,0.130000,2.529239e-01,-1.354551e+01,-5.550480e+00,-2.798368e+01,-5.717001e+00,-1.286122e+01,-3.152344e+01,-1.111408e+01,2.008960e+01,-6.508847e+00,6.223439e+00,-1.471744e+01,4.142035e+00,-5.067382e+00,-3.156206e+00,1.326558e+01,-2.497602e+00,-1.818625e-01,5.185878e-01,-5.445619e-01,1.560833e+00,1.489108e+00,-1.778393e-01,-1.138526e+00,4.176833e-01,5.416411e-01,1.069994e+00,1.222161e+00,1.356877e+00,1.550865e+00,1.926468e+00,2.540237e+00,1.886420e+02,4.880960e-01,9.404870e-03,-2.805740e+00,-1.051491e+00,7.786170e+00,5.355516e+00,-1.517220e+00,-6.674757e-01,-1.841902e+00,-2.357428e+00,8.396438e-01,-3.711671e-01,4.386302e+00,3.899999e+00,-9.101087e-01,-1.398828e-01,4.900351e-01,3.507056e-02,-3.812155e-01,-9.408653e-01,-1.014874e+00,-8.130019e-01,-5.661912e-01,-2.223966e-01,-5.235963e-02,-4.942074e-02,-1.713231e-02,1.591439e-02,2.574122e-02,1.905502e-02,1.428665e-02,5.279433e-02,7.395937e-02,8.904114e-01,-1.641971e-01,6.470284e+01,2.377220e-03,4.973828e-04,2.519711e-02,-3.667860e+01,-1.771090e-03,-1.069866e-03,-2.329318e-02
14,0.140000,2.416192e-01,-1.764079e+01,-6.403727e+00,-1.866390e+01,-3.492638e-01,-1.355691e+01,-3.067693e+01,-1.430588e+01,1.439485e+01,-4.900496e+00,3.077726e+00,-7.076385e+00,1.149829e+01,5.998723e-02,-1.876883e+00,1.151707e+01,-2.532913e+00,-7.541396e-01,-7.536759e-01,-1.747309e+00,5.295887e-01,5.935035e-01,-6.789864e-01,-1.375474e+00,3.556217e-01,5.046746e-01,1.087752e+00,1.237557e+00,1.372115e+00,1.558505e+00,1.969887e+00,2.621457e+00,1.886420e+02,2.309983e-01,1.169820e-02,-4.137032e+00,-1.117109e+00,9.244093e+00,2.928664e+00,4.931287e-01,3.606225e+00,7.612062e-01,-3.179879e+00,-1.544588e+00,-2.338969e+00,2.784821e+00,2.004202e+00,-1.746114e+00,-2.678068e-01,-4.418416e+00,-1.432639e-01,-7.629758e-01,-1.112251e+00,-1.036128e+00,-1.197644e+00,-9.678345e-01,-5.332313e-01,-1.670357e-01,-5.007301e-02,-1.538330e-02,-3.703213e-02,2.386332e-04,7.857298e-03,1.137612e-02,-8.931863e-03,2.174237e-02,1.723714e+00,-7.705499e-02,0,0,0,0,4.223609e+00,-1.314193e-03,-6.559987e-04,-1.677440e-02
15,0.150000,2.952270e-01,-2.367888e+01,-7.572273e+00,-6.516132e+00,-2.085398e-01,-9.420769e+00,-2.097139e+01,-1.049474e+01,1.046733e+01,-8.292809e+00,-3.709303e+00,-8.217441e+00,1.073425e+01,-4.658764e+00,-5.026303e+00,1.374916e+00,-2.881386e+00,-2.093013e+00,-2.158631e+00,-2.875054e+00,-1.213807e+00,-1.044301e+00,-1.581299e+00,-1.692968e+00,2.885644e-01,5.148992e-01,9.813182e-01,1.224866e+00,1.353115e+00,1.565132e+00,1.883467e+00,2.606696e+00,1.910386e+02,2.461275e-01,8.621037e-03,-3.767669e+00,-1.185521e+00,8.194028e+00,1.540240e+00,8.797825e-01,5.570250e+00,3.495693e+00,-2.943403e+00,-4.693898e+00,-2.342648e+00,1.074828e+00,-9.687254e-01,-2.842919e+00,4.709962e-01,-5.623513e+00,-1.712363e-01,-7.669919e-01,-9.392780e-01,-8.027030e-01,-1.216491e+00,-8.657773e-01,-5.037434e-01,-1.176899e-01,-3.783068e-02,-8.007070e-03,-6.290902e-02,-5.301714e-04,5.644417e-03,1.635648e-02,-3.277196e-02,-2.827857e-02,3.351531e+00,7.898532e-02,7.246679e+01,0,0,0,4.596340e+01,-4.754440e-04,-9.947656e-05,1.915243e-02
16,0.160000,2.497769e-01,-2.774944e+01,-9.061217e+00,5.203872e-01,-1.290306e+00,-7.666801e+00,-1.353167e+01,-2.982888e+00,9.683593e+00,-1.410544e+01,-4.743715e+00,-8.185196e+00,6.267882e+00,-1.175708e+01,-4.519791e+00,-6.116150e+00,-3.247428e+00,-3.050660e+00,-2.967473e+00,-3.524788e+00,-2.553273e+00,-1.910418e+00,-2.238290e+00,-1.844091e+00,2.676084e-01,4.916449e-01,8.480045e-01,1.175136e+00,1.334240e+00,1.550504e+00,1.722838e+00,2.434893e+00,1.954550e+02,4.941601e-01,2.026981e-02,-1.496318e+00,-1.066091e+00,5.126356e+00,2.664543e+00,-1.252523e+00,3.141311e+00,3.501991e+00,-3.139748e+00,-7.440394e+00,2.902597e-01,1.406891e+00,-2.909681e+00,-1.654010e+00,1.899739e+00,-3.979134e+00,4.574656e-02,-2.393743e-01,-5.437851e-01,-4.232572e-01,-7.782897e-01,-2.122430e-01,-6.804103e-02,1.324814e-01,-1.831006e-02,-1.392915e-02,-3.993019e-02,1.803038e-02,2.474376e-02,2.406973e-02,-1.441264e-02,-5.478594e-02,5.063863e+00,1.575184e-01,1.458234e+02,0,0,0,6.050543e+01,1.001284e-03,0,5.304453e-02
17,0.170000,2.919502e-01,-2.732953e+01,-1.014934e+01,3.394316e+00,2.454720e+00,-1.140736e+01,-1.224482e+01,7.028911e-01,7.728215e+00,-2.537586e+01,-1.579082e+00,-8.788899e+00,1.913610e+00,-1.337344e+01,5.202290e-01,-6.035374e+00,-2.996526e+00,-2.868562e+00,-3.070904e+00,-3.669338e+00,-2.980192e+00,-1.587817e+00,-1.916904e+00,-1.492667e+00,2.725366e-01,5.081206e-01,8.753225e-01,1.250720e+00,1.404037e+00,1.636648e+00,1.886133e+00,2.492126e+00,2.019932e+02,7.514417e-01,4.665948e-02,1.160975e+00,-8.498476e-01,1.774004e+00,5.109313e+00,-4.498211e+00,-3.564704e-01,1.053174e+00,-5.277612e+00,-7.236714e+00,2.409471e+00,4.049433e+00,-2.118105e+00,3.039669e+00,2.573885e+00,-1.041437e+00,3.420286e-01,4.521928e-01,-1.843715e-01,-5.717864e-02,-2.040097e-01,5.160861e-01,5.104380e-01,4.058335e-01,-6.775406e-03,-2.541156e-02,1.419392e-02,4.892321e-02,5.044273e-02,2.701774e-02,3.061980e-02,-1.825321e-02,6.116090e+00,1.334860e-01,2.216081e+02,0,0,1.209592e-01,4.071313e+01,4.201721e-03,3.433690e-03,6.630373e-02
18,0.180000,3.446066e-01,-2.329706e+01,-1.044565e+01,2.012651e+00,1.164182e+01,-1.882623e+01,-1.933365e+01,-2.394740e+00,6.566969e-02,-3.356094e+01,3.463914e+00,2.437979e-01,1.360204e+00,-3.852725e+00,4.848545e+00,-4.673461e+00,-2.246610e+00,-1.563236e+00,-3.016465e+00,-3.466453e+00,-2.478667e+00,-1.959532e-01,-8.513889e-01,-8.132172e-01,2.720853e-01,4.384182e-01,9.410985e-01,1.314782e+00,1.470373e+00,1.643095e+00,1.896491e+00,2.404812e+00,2.084840e+02,7.659330e-01,6.451499e-02,2.469022e+00,-7.451611e-01,1.080538e-01,6.089764e+00,-6.843885e+00,-1.651197e+00,-7.647120e-01,-6.274978e+00,-3.301213e+00,2.652003e+00,5.554918e+00,-1.006190e+00,5.114487e+00,5.183524e-01,-1.110282e+00,4.392526e-01,7.547290e-01,1.378157e-02,1.225103e-01,8.388164e-02,7.953416e-01,8.533115e-01,5.474994e-01,-5.620948e-03,-3.009626e-02,4.135887e-02,5.612944e-02,5.954245e-02,1.336299e-02,3.863113e-02,1.668935e-02,6.567693e+00,5.927303e-02,2.279565e+02,5.006422e-03,0,2.047430e-01,2.049863e+01,8.251413e-03,8.584225e-03,3.733718e-02
19,0.190000,4.811095e-01,-2.010019e+01,-1.112930e+01,1.607755e+00,1.887196e+01,-2.633211e+01,-1.985275e+01,-5.522948e+00,-1.111177e+01,-3.474863e+01,4.234236e+00,7.815226e+00,2.597566e+00,6.587402e+00,3.158957e+00,-4.553611e+00,-1.671651e+00,-5.757604e-01,-3.055992e+00,-3.190115e+00,-2.271158e+00,6.788972e-01,2.774403e-01,-1.792372e-01,2.524489e-01,4.144548e-01,1.005741e+00,1.399659e+00,1.537262e+00,1.653925e+00,1.949740e+00,2.530470e+00,2.151045e+02,7.776711e-01,3.612652e-02,2.075223e+00,-9.078148e-01,-2.222171e-01,4.681882e+00,-7.286066e+00,-9.016380e-01,-9.323444e-02,-4.395857e+00,1.571771e+00,1.271082e+00,3.975736e+00,-3.372238e-01,3.637183e+00,-1.735475e+00,-3.638140e+00,2.604011e-01,5.541518e-01,9.535382e-02,1.017344e-01,5.299804e-02,6.396594e-01,8.031888e-01,4.723491e-01,-2.984500e-03,-2.414940e-02,4.007236e-02,3.953899e-02,4.888650e-02,-2.773523e-03,1.767101e-02,3.364744e-02,6.595940e+00,4.811233e-03,2.349659e+02,1.850539e-02,1.716845e-02,2.291471e-01,6.680665e+00,1.101698e-02,1.221764e-02,-2.129858e-02
20,0.200000,4.777722e-01,-1.901900e+01,-1.229705e+01,1.953937e+00,2.094989e+01,-3.442385e+01,-1.798369e+01,-3.693528e+00,-1.227130e+01,-2.592512e+01,5.609640e+00,1.128733e+01,8.949516e-01,3.834930e+00,-3.247393e+00,-1.240844e+01,-1.713602e+00,-4.234159e-01,-2.906021e+00,-3.151848e+00,-2.488382e+00,9.329329e-01,9.310958e-01,2.366916e-01,2.495475e-01,3.879966e-01,9.895898e-01,1.381314e+00,1.565339e+00,1.608681e+00,1.884190e+00,2.499167e+00,2.217378e+02,7.774106e-01,6.447771e-03,8.520386e-01,-9.648781e-01,3.098618e-01,2.216784e+00,-6.321971e+00,-1.824818e-02,1.959340e+00,-4.242315e-01,4.410489e+00,-4.938409e-01,-6.991816e-01,-1.416020e+00,-8.060858e-01,-2.238908e+00,-5.058749e+00,2.102761e-02,1.064246e-01,1.731130e-01,-6.331358e-02,-8.224244e-02,2.849216e-01,5.140488e-01,2.562246e-01,2.665666e-03,-1.236278e-03,3.167926e-02,2.160956e-02,3.052599e-02,-1.857829e-03,1.741144e-02,4.243173e-02,6.662764e+00,-5.404294e-04,2.416376e+02,3.200437e-02,3.433690e-02,1.325919e-01,6.863225e+00,8.502267e-03,9.433931e-03,-4.095843e-02
21,0.210000,4.060000e-01,-1.909244e+01,-1.376272e+01,2.312587e+00,2.121010e+01,-4.003888e+01,-1.742799e+01,8.861131e-01,-8.082583e+00,-2.133492e+01,3.703463e+00,5.568017e+00,4.601171e-01,9.686422e-01,-4.109176e+00,-2.035858e+01,-1.961025e+00,-6.677135e-01,-2.649357e+00,-3.317968e+00,-2.710344e+00,1.046037e+00,1.207797e+00,3.441244e-01,2.688830e-01,4.125844e-01,1.051439e+00,1.415149e+00,1.600986e+00,1.639988e+00,1.980639e+00,2.613185e+00,2.283461e+02,7.697591e-01,-3.584769e-02,1.507721e-02,-5.935462e-01,2.253788e-01,5.583481e-01,-4.483188e+00,-2.582335e-01,3.019578e+00,1.407313e+00,3.435169e+00,-1.743876e+00,-3.581204e+00,-2.490483e+00,-3.637396e+00,-1.706623e+00,-4.978029e+00,-7.149041e-02,-1.712293e-01,2.144382e-01,-1.031649e-01,-1.118828e-01,9.397666e-02,2.285953e-01,4.779681e-02,7.271045e-03,9.746492e-03,1.665055e-02,1.208004e-02,1.226869e-02,1.641750e-04,8.141363e-03,1.755381e-02,6.768854e+00,-2.918559e-03,2.481709e+02,4.158591e-02,4.391973e-02,5.054191e-02,7.087144e+00,2.402340e-03,5.697358e-04,-3.311672e-02
22,0.220000,4.144002e-01,-1.954074e+01,-1.395333e+01,3.209543e+00,2.155668e+01,-4.358270e+01,-2.063727e+01,4.197428e+00,-3.570081e+00,-1.821536e+01,1.260096e+00,-2.128506e+00,-4.651172e+00,-5.073774e+00,-2.711931e+00,-2.206472e+01,-1.996785e+00,-9.851367e-01,-2.354218e+00,-3.719095e+00,-2.670286e+00,1.045085e+00,1.253676e+00,2.062249e-01,2.771966e-01,4.331720e-01,1.076646e+00,1.415084e+00,1.591141e+00,1.640775e+00,1.968099e+00,2.575613e+00,2.351771e+02,7.671869e-01,-2.143489e-02,-3.264967e-01,7.236890e-02,-3.264647e-01,-5.466480e-02,-2.599098e+00,7.170296e-03,2.289819e+00,-5.048611e-01,5.891285e-02,-1.961191e+00,-3.625205e+00,-3.158729e+00,-3.175438e+00,-1.922748e+00,-2.773221e+00,-1.715885e-02,-2.259262e-01,1.800081e-01,8.158064e-03,-1.053496e-01,4.472576e-02,6.783736e-02,-8.779596e-02,5.835125e-03,1.800558e-02,-8.105087e-03,8.536649e-03,3.651345e-03,5.251133e-03,-5.552494e-03,2.837610e-03,6.980266e+00,-8.832634e-04,2.556701e+02,3.597750e-02,3.379401e-02,8.925349e-02,7.614528e+00,-3.751432e-03,-6.060646e-03,1.094498e-02
23,0.230000,3.335570e-01,-1.976394e+01,-1.326889e+01,2.106846e+00,2.136031e+01,-4.416862e+01,-1.981712e+01,5.629465e+00,-8.425818e+00,-2.142767e+01,-2.310373e+00,-3.382877e+00,-7.081785e+00,-7.145228e+00,-5.641888e+00,-2.461562e+01,-1.887512e+00,-1.151047e+00,-2.259703e+00,-3.422316e+00,-2.739620e+00,1.092704e+00,1.259127e+00,7.498019e-02,2.749796e-01,4.405995e-01,1.045465e+00,1.443174e+00,1.585705e+00,1.638699e+00,1.948492e+00,2.580016e+00,2.422291e+02,7.681901e-01,-3.873277e-02,-4.270458e-01,4.881356e-01,-1.110610e+00,-7.222721e-01,-9.750080e-01,1.007228e+00,1.020590e+00,-3.247860e+00,-2.450524e+00,-5.888861e-01,-1.968239e+00,-3.460431e+00,-1.206815e+00,-3.584783e+00,-1.089023e+00,2.330141e-02,-1.947428e-01,9.112351e-02,1.814016e-01,-1.411394e-01,4.695820e-02,7.361102e-03,-1.270002e-01,1.637507e-03,1.319101e-02,-4.347337e-02,-3.654766e-03,1.332974e-03,1.128721e-03,-2.609979e-02,-8.007884e-03,7.210143e+00,8.548558e-04,2.633854e+02,2.853053e-02,2.028857e-02,8.523274e-02,7.899773e+00,-6.555319e-03,-8.493945e-03,4.326274e-02
24,0.240000,4.068193e-01,-2.031574e+01,-1.218212e+01,4.244842e-01,2.060146e+01,-4.535447e+01,-1.675327e+01,5.383893e+00,-1.462399e+01,-2.558418e+01,-1.189395e+00,-2.363249e+00,-1.112774e+01,-7.985327e+00,-1.209478e+01,-2.414603e+01,-1.836153e+00,-1.311380e+00,-2.200808e+00,-3.058884e+00,-3.000492e+00,1.133228e+00,1.244618e+00,-6.771608e-02,2.756748e-01,4.640169e-01,9.520509e-01,1.409985e+00,1.591236e+00,1.635581e+00,1.872501e+00,2.529940e+00,2.496976e+02,7.737787e-01,-2.652546e-02,-6.084835e-01,2.851159e-01,-1.297647e+00,-1.299007e+00,3.268177e-01,1.209180e+00,3.806742e-01,-3.182101e+00,-3.953336e+00,1.546319e+00,-2.295041e+00,-3.939620e+00,1.428033e+00,-3.580371e+00,6.664475e-01,-1.171104e-02,-1.968563e-01,-2.505398e-03,1.600562e-01,-1.925144e-01,6.370149e-02,-2.757351e-02,-1.271812e-01,1.063824e-04,1.120390e-02,-4.456731e-02,-2.908254e-03,5.903101e-03,4.137397e-03,-9.335732e-03,7.982587e-03,7.266940e+00,-1.150018e-03,2.721030e+02,1.977490e-02,1.584925e-02,1.699714e-01,7.437304e+00,-5.396446e-03,-6.176851e-03,4.055132e-02
25,0.250000,2.161267e-01,-2.084017e+01,-1.220764e+01,-1.847934e+00,1.807635e+01,-4.402803e+01,-1.433385e+01,5.395829e+00,-1.879493e+01,-2.990312e+01,1.983778e+00,-4.155807e+00,-1.360375e+01,-3.609656e+00,-1.734167e+01,-2.476305e+01,-1.924834e+00,-1.478306e+00,-2.270444e+00,-2.741066e+00,-3.250939e+00,1.236756e+00,1.249132e+00,-1.539061e-01,2.778314e-01,4.631170e-01,8.963693e-01,1.399425e+00,1.607603e+00,1.648228e+00,1.897939e+00,2.595982e+00,2.571365e+02,7.707375e-01,1.917374e-03,-8.688288e-01,-2.675307e-01,-7.524916e-01,-2.145994e+00,1.926268e+00,-3.812138e-01,1.071727e+00,-2.663822e-02,-3.907462e+00,3.357727e+00,-4.414489e+00,-4.405969e+00,1.608878e+00,-1.142376e+00,3.279240e+00,-8.288950e-02,-2.587433e-01,-5.649521e-02,-5.469728e-02,-1.440075e-01,1.633664e-02,-9.824501e-02,-1.673407e-01,-1.499051e-03,6.055343e-03,-2.436232e-02,-2.263617e-03,9.293556e-05,3.312028e-03,-2.754712e-03,9.214664e-03,6.638057e+00,-9.237540e-03,2.794533e+02,1.691062e-02,1.042239e-02,2.264967e-01,-1.325378e+01,-4.408495e-03,-4.318487e-03,1.507526e-02
26,0.260000,3.404881e-01,-2.204504e+01,-1.305837e+01,-1.301304e+00,1.670362e+01,-4.201891e+01,-1.733301e+01,6.217617e+00,-1.429603e+01,-3.374431e+01,6.844615e+00,-1.321725e+01,-2.108829e+01,2.986029e-01,-1.476389e+01,-1.865877e+01,-2.036680e+00,-1.805789e+00,-2.361374e+00,-3.259439e+00,-3.377199e+00,1.291567e+00,1.120806e+00,-3.152379e-01,2.763026e-01,4.779328e-01,9.283574e-01,1.422418e+00,1.609707e+00,1.656697e+00,1.946697e+00,2.607543e+00,2.640581e+02,7.601631e-01,1.987207e-02,-1.313420e+00,-3.335010e-01,-4.687251e-02,-2.993537e+00,4.322933e+00,-1.457007e+00,2.403224e+00,3.268222e+00,-3.577321e+00,2.822331e+00,-4.701810e+00,-2.824023e+00,-6.662082e-01,9.503636e-01,5.042838e+00,-1.570834e-01,-3.392249e-01,-1.087948e-01,-1.745683e-01,-6.303306e-02,-1.834276e-01,-3.149187e-01,-2.874758e-01,-3.361842e-03,8.016425e-03,-4.960614e-03,2.536964e-03,-1.480106e-02,-6.004703e-03,-5.904508e-03,5.967760e-03,5.186270e+00,-1.732932e-02,2.848227e+02,1.480523e-02,7.842848e-03,2.213781e-01,-4.418203e+01,-3.959431e-03,-3.725462e-03,-4.010043e-02
27,0.270000,3.763095e-01,-2.324343e+01,-1.416841e+01,-7.927186e-01,1.257926e+01,-3.620506e+01,-2.143332e+01,1.057124e+01,-8.722988e+00,-3.688491e+01,1.046125e+01,-2.002833e+01,-2.413135e+01,-3.242805e+00,-1.001921e+01,-1.096304e+01,-2.201696e+00,-2.197559e+00,-2.461896e+00,-3.595525e+00,-3.271304e+00,1.095218e+00,8.298076e-01,-6.379626e-01,2.671705e-01,4.639183e-01,9.355006e-01,1.425640e+00,1.576934e+00,1.644701e+00,1.897620e+00,2.587288e+00,2.682392e+02,7.288103e-01,3.607563e-02,-1.864448e+00,2.647181e-01,6.747851e-01,-4.167055e+00,6.133138e+00,-7.013292e-01,2.787291e+00,5.452519e+00,-1.301702e+00,4.458026e-01,-2.353693e+00,4.026064e-01,-4.732544e+00,1.749649e+00,5.129445e+00,-2.575727e-01,-3.701394e-01,-1.215011e-01,-1.690463e-01,-5.365755e-02,-5.487430e-01,-6.337023e-01,-4.291617e-01,-1.057017e-03,9.500667e-03,-2.298761e-02,-2.154112e-02,-3.240995e-02,-2.371376e-02,-3.283281e-02,-1.228230e-02,3.190173e+00,-2.085331e-02,1.907567e+02,8.972888e-03,2.699337e-03,1.349057e-01,-7.481880e+01,-4.467986e-03,-2.760416e-03,-6.591067e-02
28,0.280000,4.260882e-01,-2.568121e+01,-1.286924e+01,-3.374861e-01,8.382319e+00,-2.765129e+01,-2.048857e+01,1.481231e+01,-3.318853e+00,-3.997989e+01,8.683520e+00,-1.793604e+01,-1.998406e+01,-1.149979e+01,-1.100419e+01,-5.831839e+00,-2.483138e+00,-2.647878e+00,-2.649056e+00,-3.504495e+00,-3.305475e+00,2.868589e-01,-1.203132e-01,-1.263067e+00,2.641961e-01,5.036983e-01,9.076822e-01,1.409562e+00,1.532565e+00,1.607321e+00,1.843138e+00,2.564126e+00,2.700776e+02,7.080957e-01,-1.774574e-02,-2.256220e+00,1.045678e+00,9.858994e-01,-5.846476e+00,6.367725e+00,1.465885e+00,1.012189e+00,5.677879e+00,1.857884e+00,-3.404453e+00,6.740254e-01,3.571845e+00,-7.043015e+00,1.363426e+00,2.914295e+00,-3.557888e-01,-3.319386e-01,-8.356297e-02,-4.509959e-02,-1.360352e-01,-9.325595e-01,-9.255298e-01,-4.803443e-01,8.460844e-03,8.594438e-03,-4.880885e-02,-4.463391e-02,-3.944756e-02,-2.620695e-02,-8.974910e-03,1.662970e-03,1.387750e+00,-1.847629e-02,9.554119e+01,3.946606e-03,1.083465e-03,1.526478e-02,-7.604020e+01,-3.858334e-03,-1.838503e-03,-5.776619e-02
29,0.290000,3.537048e-01,-2.834433e+01,-1.097862e+01,1.044083e+00,1.401722e+00,-2.054615e+01,-1.626272e+01,1.503494e+01,2.979074e+00,-3.329384e+01,3.293339e+00,-1.356487e+01,-1.214284e+01,-2.137318e+01,-1.047328e+01,-5.529285e+00,-2.989468e+00,-2.907958e+00,-2.734109e+00,-3.463769e+00,-3.555089e+00,-1.004605e+00,-1.298820e+00,-1.825801e+00,2.785996e-01,4.977375e-01,7.917688e-01,1.298147e+00,1.484124e+00,1.554347e+00,1.785554e+00,2.556279e+00,2.700776e+02,6.925046e-01,-5.039414e-02,-2.218218e+00,1.321875e+00,1.383399e+00,-6.314050e+00,4.240199e+00,3.127421e+00,-1.655027e+00,5.570735e+00,4.640659e+00,-5.741733e+00,1.789873e+00,4.605794e+00,-6.133596e+00,1.420261e+00,2.586587e-01,-4.023034e-01,-2.250964e-01,-1.241660e-02,-2.830939e-02,-2.626350e-01,-1.078456e+00,-9.698742e-01,-3.685264e-01,1.923735e-02,4.163510e-03,-5.324649e-02,-5.167269e-02,-2.920358e-02,-1.495688e-02,3.826711e-02,2.210708e-02,1.160858e+00,-8.367300e-03,0,0,0,0,-2.652760e+01,-2.189238e-03,-6.482140e-04,-2.850761e-02
30,0.300000,2.630618e-01,-3.077570e+01,-9.424873e+00,2.709793e+00,-6.939985e+00,-1.800974e+01,-1.258889e+01,9.046713e+00,8.242332e+00,-2.625043e+01,-6.593692e+00,-1.307885e+01,-9.223326e+00,-2.585129e+01,-7.719728e+00,-6.804172e+00,-3.421738e+00,-3.110282e+00,-2.643082e+00,-3.550814e+00,-3.915483e+00,-2.321319e+00,-2.442529e+00,-2.123040e+00,3.128922e-01,5.039954e-01,7.561790e-01,1.262994e+00,1.458874e+00,1.570839e+00,1.957856e+00,2.631362e+00,2.700776e+02,6.859345e-01,-6.213169e-02,-1.613328e+00,7.612206e-01,8.715010e-01,-5.419636e+00,2.601792e+00,3.086045e+00,-3.944274e+00,4.345193e+00,5.397708e+00,-4.333689e+00,4.735128e-01,3.103796e+00,-2.017872e+00,2.544340e+00,-6.896511e-01,-3.853985e-01,-1.585265e-01,4.862046e-03,-5.713832e-02,-1.992055e-01,-8.696882e-01,-7.491490e-01,-1.642363e-01,2.526612e-02,-1.527914e-03,-2.380201e-02,-4.183849e-02,-1.353198e-02,5.977809e-03,5.315603e-02,2.389917e-02,2.607895e+00,8.007770e-03,0,0,0,0,3.395676e+01,-7.893211e-04,-2.166931e-04,1.687150e-02
31,0.310000,2.058520e-01,-3.178728e+01,-9.281219e+00,4.600636e+00,-1.132983e+01,-1.982484e+01,-9.746059e+00,5.178899e+00,1.335009e+01,-2.054635e+01,-1.060880e+01,-1.350756e+01,-6.482750e+00,-2.673504e+01,-4.560133e+00,-9.183583e+00,-3.743914e+00,-3.091839e+00,-2.526965e+00,-3.713912e+00,-4.279475e+00,-2.992973e+00,-2.858456e+00,-2.050607e+00,3.390091e-01,4.845873e-01,7.450197e-01,1.240560e+00,1.467762e+00,1.588158e+00,2.031597e+00,2.664205e+00,2.740435e+02,6.980544e-01,-5.394266e-02,-4.443947e-01,2.697476e-01,-1.009344e+00,-3.273526e+00,2.281491e+00,2.157822e+00,-5.377086e+00,1.733060e+00,4.534171e+00,1.408529e-02,-2.042828e+00,1.866757e+00,2.357361e+00,2.249255e+00,-7.474954e-01,-2.608006e-01,-5.329807e-02,2.109883e-02,6.955955e-02,1.529615e-01,-4.263053e-01,-3.758538e-01,4.318440e-03,2.133892e-02,7.652056e-03,1.923909e-02,-3.134242e-02,-1.453503e-02,1.301799e-02,9.243036e-03,-1.410723e-04,5.217264e+00,2.989148e-02,1.058893e+02,0,0,0,8.506606e+01,7.817046e-03,7.487936e-03,5.725264e-02
32,0.320000,1.893561e-01,-3.202637e+01,-9.911834e+00,2.241742e+00,-1.235008e+01,-1.500299e+01,-8.316672e+00,1.895809e-02,1.322160e+01,-1.936510e+01,-6.033852e+00,-1.559713e+01,-7.295123e+00,-1.890822e+01,-1.239060e+00,-7.452946e+00,-4.032908e+00,-3.348570e+00,-2.728317e+00,-3.665115e+00,-3.939309e+00,-3.067397e+00,-3.086240e+00,-1.971845e+00,3.603219e-01,5.026339e-01,8.120467e-01,1.229164e+00,1.473087e+00,1.620305e+00,1.985896e+00,2.629659e+00,2.811342e+02,7.453597e-01,-2.782104e-02,1.308822e+00,2.976893e-01,-4.009210e+00,-1.754225e+00,3.240096e+00,7.792143e-01,-6.315038e+00,-1.239428e+00,4.281943e+00,5.113650e+00,-4.556948e+00,1.167530e+00,5.503804e+00,9.959003e-01,-4.105188e-01,-4.159646e-02,2.107389e-01,1.863825e-01,3.907293e-01,7.368580e-01,8.365397e-02,2.588339e-02,1.109523e-01,1.471820e-02,1.248727e-02,4.660056e-02,-4.076264e-02,-3.094916e-02,5.248773e-03,-6.019075e-02,-2.786274e-02,7.260843e+00,4.607212e-02,2.123804e+02,0,0,9.962230e-02,8.541231e+01,1.203173e-02,1.248995e-02,8.761507e-02
33,0.330000,1.208443e-01,-2.994096e+01,-9.386401e+00,-3.768612e+00,-1.226086e+01,-1.064207e+01,-7.609711e+00,-7.336614e+00,9.154742e+00,-1.406565e+01,3.083845e+00,-2.251987e+01,-3.773154e+00,-1.305790e+01,-2.467335e+00,-8.942375e+00,-3.987885e+00,-3.055305e+00,-2.585997e+00,-3.058821e+00,-2.778368e+00,-2.763092e+00,-2.856233e+00,-1.879806e+00,3.615793e-01,5.366786e-01,8.600305e-01,1.158350e+00,1.404343e+00,1.594704e+00,1.817749e+00,2.556426e+00,2.906357e+02,8.122494e-01,-9.375197e-03,3.191615e+00,8.063461e-01,-6.626611e+00,-1.821444e+00,3.450011e+00,-3.262396e-01,-6.688027e+00,-3.477006e+00,4.815305e+00,6.723978e+00,-5.960288e+00,5.289150e-01,6.150217e+00,-1.379722e+00,-3.623595e-01,2.446807e-01,5.947605e-01,5.350587e-01,8.165166e-01,1.280343e+00,4.662116e-01,3.487267e-01,1.806402e-01,9.486961e-03,1.399089e-02,5.091808e-02,-4.920229e-02,-5.852155e-02,-3.917241e-03,-8.297499e-02,-3.165906e-02,7.685538e+00,4.661479e-02,3.191401e+02,3.908523e-02,3.743968e-02,2.364521e-01,5.397253e+01,1.221301e-02,1.317437e-02,6.879514e-02
34,0.340000,1.664604e-01,-2.515474e+01,-7.883836e+00,-1.315163e+01,-1.524560e+01,-6.400648e+00,-9.760989e+00,-1.627072e+01,4.142868e+00,-8.081058e+00,1.212823e+01,-3.135743e+01,-4.740473e+00,-5.170834e+00,-3.786625e+00,-8.977370e+00,-3.507734e+00,-2.074855e+00,-1.681654e+00,-1.924713e+00,-9.817461e-01,-2.017990e+00,-2.314223e+00,-1.653679e+00,3.751982e-01,5.403861e-01,9.316764e-01,1.100286e+00,1.335838e+00,1.593810e+00,1.763826e+00,2.545938e+00,2.980857e+02,8.591976e-01,4.431463e-02,4.506323e+00,1.032544e+00,-7.225090e+00,-2.168472e+00,2.085553e+00,-5.932280e-01,-5.006404e+00,-3.421020e+00,5.054664e+00,4.522694e+00,-4.957121e+00,1.274550e-01,4.525274e+00,-3.705442e+00,-7.178801e-01,4.554581e-01,8.931301e-01,8.747632e-01,1.072285e+00,1.450524e+00,6.972789e-01,5.923699e-01,2.695263e-01,9.641087e-03,4.849202e-03,3.711371e-02,-4.375123e-02,-6.199906e-02,-8.920717e-03,-4.819985e-02,-9.776354e-03,6.860178e+00,3.390718e-02,3.204361e+02,4.061602e-02,4.372991e-02,3.198493e-01,2.238926e+01,7.497264e-04,2.185469e-03,4.751541e-03
35,0.350000,1.704239e-01,-1.926502e+01,-6.263487e+00,-2.083573e+01,-1.898930e+01,-6.875953e+00,-1.065510e+01,-2.011640e+01,5.044231e-01,-2.111843e+00,1.393005e+01,-3.542885e+01,-5.115499e+00,-2.852650e+00,-1.018496e+01,-1.023317e+01,-2.783097e+00,-7.548938e-01,-3.750033e-01,-5.015303e-01,6.434591e-01,-1.186619e+00,-1.500831e+00,-1.306489e+00,3.790058e-01,5.356657e-01,9.397953e-01,1.058988e+00,1.243778e+00,1.581819e+00,1.727757e+00,2.547770e+00,3.039954e+02,8.742094e-01,7.748233e-02,4.419274e+00,4.395365e-01,-6.014242e+00,-1.873447e+00,1.045535e+00,2.653561e-02,-2.334521e+00,-2.248660e+00,3.700494e+00,-5.301800e-02,-2.093984e+00,4.751020e-02,2.791143e+00,-3.938151e+00,-4.596040e-01,4.486543e-01,7.861626e-01,9.065410e-01,1.006262e+00,1.216854e+00,7.264403e-01,6.337680e-01,3.210409e-01,1.586601e-02,3.307700e-03,2.553388e-02,-2.052151e-02,-3.649475e-02,-1.934898e-03,1.278923e-02,1.276627e-02,5.442581e+00,1.747702e-02,3.217241e+02,4.075702e-02,4.400688e-02,2.338622e-01,1.189777e+00,-1.095004e-02,-1.048695e-02,-5.192695e-02
36,0.360000,3.861395e-01,-1.483273e+01,-6.310572e+00,-2.535015e+01,-1.982823e+01,-6.458284e+00,-9.760118e+00,-1.862317e+01,4.416610e-01,-6.868187e-02,1.115652e+01,-3.392825e+01,-5.986675e+00,-1.384482e+00,-1.590746e+01,-1.039695e+01,-2.358012e+00,-3.312455e-02,5.400016e-01,4.176646e-01,1.602399e+00,-3.692397e-01,-8.020914e-01,-9.108718e-01,3.998141e-01,5.273863e-01,9.577329e-01,1.060089e+00,1.243374e+00,1.582144e+00,1.789893e+00,2.585105e+00,3.087552e+02,8.839156e-01,7.308879e-02,3.124650e+00,-5.219114e-01,-4.071854e+00,-1.022915e+00,4.288198e-01,9.663893e-01,-3.931545e-01,-1.412635e+00,1.586221e+00,-4.511548e+00,8.218784e-01,1.498952e+00,9.992551e-01,-2.638194e+00,-3.737462e-01,2.684541e-01,3.803117e-01,6.431525e-01,7.135851e-01,7.642601e-01,5.773053e-01,5.018722e-01,2.862347e-01,2.174257e-02,1.269280e-02,1.458277e-02,-4.598498e-04,-6.968903e-03,3.058195e-04,5.547631e-02,2.408967e-02,4.302939e+00,6.953365e-03,3.230347e+02,2.912737e-03,7.643748e-03,1.246749e-01,8.840149e-01,-1.111646e-02,-1.227551e-02,-6.539641e-02
37,0.370000,3.984164e-01,-1.300560e+01,-7.975351e+00,-2.774056e+01,-1.933678e+01,-5.385582e+00,-7.477468e+00,-1.783299e+01,-2.379554e-01,4.306300e-01,3.304612e+00,-3.170438e+01,-2.912502e+00,-9.953634e-01,-1.609767e+01,-1.053061e+01,-2.319475e+00,-1.453566e-01,8.358800e-01,8.012999e-01,2.013828e+00,4.473441e-02,-4.434594e-01,-6.460052e-01,4.286014e-01,5.597169e-01,9.746717e-01,1.075841e+00,1.268101e+00,1.590862e+00,1.868662e+00,2.600674e+00,3.125138e+02,8.872755e-01,4.567906e-02,1.569405e+00,-9.500847e-01,-2.405286e+00,-4.376478e-01,1.058366e+00,1.408575e+00,-4.316425e-02,-7.972999e-01,1.234993e-01,-5.883303e+00,2.642753e+00,2.068454e+00,5.683845e-01,-8.067608e-02,-2.270530e-01,6.319313e-02,-9.750351e-03,3.095231e-01,3.885044e-01,3.731018e-01,3.560875e-01,2.423944e-01,1.827948e-01,2.554077e-02,2.171201e-02,1.159048e-02,9.164000e-03,1.183004e-02,1.532793e-04,6.310646e-02,2.338910e-02,3.318707e+00,2.322101e-03,3.237897e+02,3.186658e-03,3.047986e-03,7.440453e-02,3.660461e-01,-7.439590e-03,-8.889588e-03,-3.867875e-02
38,0.380000,4.179081e-01,-1.266120e+01,-9.637462e+00,-3.005848e+01,-2.018643e+01,-5.001734e+00,-6.517859e+00,-1.937820e+01,-2.549120e+00,-1.421191e+00,-5.116789e+00,-2.911028e+01,1.652787e+00,-1.103202e+00,-1.402124e+01,-1.069738e+01,-2.397275e+00,-4.780649e-01,9.286670e-01,9.917970e-01,2.154370e+00,2.528600e-01,-3.335476e-01,-5.527481e-01,4.591132e-01,5.918245e-01,9.871521e-01,1.089560e+00,1.288832e+00,1.590817e+00,1.970755e+00,2.639935e+00,3.153412e+02,8.874313e-01,8.020640e-04,4.667058e-01,-5.036921e-01,-1.191451e+00,-9.315420e-01,1.290749e+00,1.409590e+00,-8.693546e-01,-2.292197e-01,1.293058e-01,-4.929088e+00,2.993668e+00,1.482384e+00,3.418681e-01,1.411845e+00,6.658144e-02,-2.804298e-02,-1.318389e-01,1.134059e-01,1.969146e-01,1.416441e-01,1.237352e-01,-1.795692e-02,6.905271e-02,2.017298e-02,2.128972e-02,3.152418e-03,5.462301e-03,6.812572e-04,-4.628718e-03,3.804149e-02,1.274757e-02,2.432376e+00,-7.606804e-04,3.238233e+02,3.818893e-03,2.831813e-03,7.259608e-02,-2.266174e-01,-3.076534e-04,-1.500027e-03,-1.747122e-02
39,0.390000,3.829349e-01,-1.250375e+01,-9.350466e+00,-3.050800e+01,-2.099843e+01,-2.312399e+00,-5.233356e+00,-1.995471e+01,-1.986686e+00,-8.180921e-01,-7.349814e+00,-2.462407e+01,1.407037e+00,-1.513680e-01,-1.153145e+01,-1.121822e+01,-2.447500e+00,-5.811754e-01,9.782796e-01,1.153925e+00,2.232983e+00,2.827689e-01,-5.231308e-01,-5.715771e-01,4.770601e-01,6.120067e-01,9.830380e-01,1.090072e+00,1.280199e+00,1.578249e+00,1.952859e+00,2.637301e+00,3.172959e+02,8.840621e-01,-1.303726e-02,2.789841e-02,3.855888e-01,8.283100e-02,-1.398711e+00,7.910133e-01,1.257399e+00,-8.496256e-01,1.170254e+00,3.820024e-01,-2.205125e+00,1.969565e+00,-2.268932e-02,4.151473e-02,1.083878e+00,5.273363e-01,-9.960580e-03,-3.096710e-02,7.181311e-02,8.952565e-02,-1.521301e-03,-4.537582e-02,-1.609763e-01,1.921156e-02,7.675344e-03,8.084238e-03,-5.588812e-03,6.808042e-05,-7.293629e-03,1.420450e-03,1.626704e-02,5.764723e-03,1.633084e+00,-2.999699e-03,3.231600e+02,3.105995e-03,1.964911e-03,6.650791e-02,-7.648010e-01,-5.241652e-04,-3.539655e-04,-7.840561e-03
40,0.400000,3.978906e-01,-1.275012e+01,-8.141475e+00,-2.992368e+01,-2.365511e+01,-1.541129e+00,-3.834224e+00,-2.190909e+01,1.699274e-01,1.202208e+00,-8.161707e+00,-2.250006e+01,-7.345254e-01,-9.713960e-02,-1.113134e+01,-9.720237e+00,-2.434215e+00,-4.744096e-01,1.035831e+00,1.225925e+00,2.201042e+00,1.304188e-01,-8.520403e-01,-6.028223e-01,4.764496e-01,6.076900e-01,9.693118e-01,1.080285e+00,1.240731e+00,1.565307e+00,1.938002e+00,2.630529e+00,3.185260e+02,8.817189e-01,-4.546722e-02,-2.801942e-01,1.042977e+00,1.295436e+00,-1.556041e+00,-5.207722e-01,1.011325e+00,-6.695557e-02,1.850902e+00,4.411794e-01,-1.578269e-01,-1.631863e-01,-4.099821e-01,-4.868291e-01,4.887085e-01,1.214363e+00,3.271346e-02,6.306881e-02,6.889240e-02,-1.874784e-02,-1.467762e-01,-2.020775e-01,-1.842442e-01,-2.237273e-02,-6.013724e-03,-6.100482e-03,-2.197697e-02,-3.830957e-03,-1.409810e-02,3.541756e-03,-8.941650e-03,-1.534100e-02,9.382904e-01,-7.177287e-03,3.222165e+02,1.414801e-03,6.851510e-04,4.126711e-02,-1.146088e+00,-4.735040e-04,8.833925e-05,-5.261527e-03
41,0.410000,3.432388e-01,-1.282165e+01,-6.795400e+00,-2.739381e+01,-2.459600e+01,-3.160818e+00,-2.532291e+00,-2.081567e+01,4.253792e+00,1.028942e+00,-6.198555e+00,-2.516166e+01,-1.832293e+00,-1.290821e+00,-1.212323e+01,-8.382497e+00,-2.350808e+00,-3.020197e-01,1.141364e+00,1.131864e+00,1.982885e+00,-1.209241e-01,-9.890947e-01,-5.249103e-01,4.583099e-01,5.922053e-01,9.556478e-01,1.080819e+00,1.255684e+00,1.610720e+00,1.966373e+00,2.634200e+00,3.190868e+02,8.751332e-01,-6.328043e-02,-6.734089e-01,1.121650e+00,2.131342e+00,-1.222581e+00,-2.041547e+00,4.886476e-01,8.304523e-01,9.935352e-01,-2.540636e-01,9.037725e-01,-2.658208e+00,4.959694e-01,-6.372350e-01,4.719181e-02,1.678749e+00,5.298011e-02,4.365035e-02,1.823922e-02,-1.544568e-01,-2.786695e-01,-3.289614e-01,-1.104494e-01,-6.154605e-02,-1.379060e-02,-1.501650e-02,-3.152714e-02,-4.570806e-03,-1.422904e-02,6.458378e-03,-7.410944e-03,-2.157545e-02,4.088013e-01,-1.893777e-02,3.207691e+02,1.767878e-03,2.351490e-03,5.086622e-02,-1.179660e+00,2.686566e-05,5.673029e-04,2.186752e-03
42,0.420000,2.104200e-01,-1.390323e+01,-5.700108e+00,-2.513840e+01,-2.616785e+01,-7.181385e+00,-2.811767e+00,-1.928249e+01,3.585153e+00,-1.388115e-01,-6.481554e+00,-2.965741e+01,1.222541e+00,-2.967621e+00,-1.128181e+01,-6.043428e+00,-2.282053e+00,-3.022986e-01,1.191587e+00,9.090883e-01,1.545537e+00,-5.556810e-01,-1.021787e+00,-6.879452e-01,4.384197e-01,5.712227e-01,8.909624e-01,1.075031e+00,1.230600e+00,1.592291e+00,1.919290e+00,2.564780e+00,3.191372e+02,8.560093e-01,-5.021827e-02,-1.255308e+00,9.906961e-01,2.581807e+00,-2.630337e-01,-2.258263e+00,-4.401768e-01,9.121422e-01,-7.971802e-01,-8.120136e-01,1.658872e+00,-3.755127e+00,9.757606e-01,-5.095698e-01,-4.788763e-01,1.194236e+00,4.004035e-02,-4.729313e-02,-1.467735e-01,-3.182715e-01,-3.558430e-01,-4.193335e-01,-8.573566e-02,-1.423227e-01,-1.620894e-02,-1.870554e-02,-3.029649e-02,-5.211913e-03,-1.776448e-02,-7.000363e-03,-2.663071e-02,-2.374010e-02,7.910156e-02,-8.073796e-02,3.192883e+02,2.120431e-03,3.080220e-03,5.410929e-02,-2.217555e+01,1.812422e-04,3.635600e-04,3.680954e-03
43,0.430000,1.602680e-01,-1.529425e+01,-4.962900e+00,-2.224393e+01,-2.585496e+01,-9.700006e+00,-3.301347e+00,-1.711574e+01,1.273378e+00,-1.417900e+00,-3.671028e+00,-3.433644e+01,2.908351e+00,-1.902303e+00,-1.122026e+01,-4.662877e+00,-2.258680e+00,-4.489791e-01,9.915977e-01,5.400596e-01,1.167387e+00,-1.018988e+00,-9.905044e-01,-8.367459e-01,4.271221e-01,5.551578e-01,8.645770e-01,1.069845e+00,1.214120e+00,1.597049e+00,1.925160e+00,2.562298e+00,3.190343e+02,8.022280e-01,7.579634e-03,-2.319578e+00,4.600181e-01,3.357806e+00,8.396465e-01,-1.383473e+00,-9.172649e-01,7.422523e-02,-1.183979e+00,-1.934919e-01,2.126762e+00,-2.124222e+00,4.048894e-01,-6.324085e-01,-2.627594e-01,-6.402898e-02,-1.136554e-01,-2.327452e-01,-4.587513e-01,-5.750775e-01,-5.063025e-01,-5.349063e-01,-2.084838e-01,-2.267648e-01,-1.632775e-02,-2.119473e-02,-1.058247e-02,-6.081593e-03,-1.319287e-02,-1.912787e-02,-2.585760e-02,-1.283169e-03,-3.966064e-02,-1.212567e-01,3.187258e+02,2.887508e-03,3.603891e-03,7.102058e-02,-5.355980e+01,-2.133793e-04,-4.029698e-04,-5.665233e-03
44,0.440000,2.382847e-01,-1.779037e+01,-4.104245e+00,-1.958959e+01,-2.434080e+01,-9.562848e+00,-5.650579e+00,-1.919834e+01,-2.325766e+00,-1.634438e+00,-1.131109e+00,-3.668831e+01,1.773956e+00,-2.339247e+00,-1.397721e+01,-5.608868e+00,-2.280077e+00,-6.373956e-01,3.768467e-01,-6.953019e-02,8.295764e-01,-1.517217e+00,-1.280014e+00,-1.158518e+00,4.109989e-01,5.326861e-01,8.633647e-01,1.059712e+00,1.172690e+00,1.537140e+00,1.825455e+00,2.547780e+00,3.189478e+02,5.144817e-01,6.006075e-02,-3.569221e+00,-5.076504e-01,4.203093e+00,1.892549e+00,-2.351078e-01,-7.489225e-01,6.525953e-01,8.821748e-01,2.075447e-01,3.070783e+00,1.652578e+00,-6.885601e-01,-1.865549e+00,9.925641e-01,-1.442292e+00,-4.495880e-01,-4.810436e-01,-7.920719e-01,-8.512753e-01,-7.977814e-01,-6.062888e-01,-4.239399e-01,-2.891268e-01,-1.601114e-02,-1.806307e-02,5.604482e-03,-2.429998e-03,8.686697e-03,-1.678412e-02,-3.505630e-02,-1.826191e-03,-3.590393e-02,-1.674899e-01,2.123604e+02,1.761198e-03,1.876750e-03,4.959470e-02,-8.508684e+01,-6.247772e-04,-8.825956e-04,-1.544418e-02
45,0.450000,3.672046e-01,-2.247597e+01,-5.293241e+00,-1.337918e+01,-2.131129e+01,-8.887450e+00,-5.699209e+00,-2.048662e+01,1.289359e+00,8.092964e-01,1.760033e+00,-3.226732e+01,-8.355367e-02,-4.767050e+00,-1.208933e+01,-8.919922e+00,-2.920074e+00,-1.298198e+00,-7.450230e-01,-1.254214e+00,-1.906463e-01,-2.314687e+00,-1.902400e+00,-1.423448e+00,3.903815e-01,5.055000e-01,9.165342e-01,1.058071e+00,1.218674e+00,1.542655e+00,1.884003e+00,2.636285e+00,3.189832e+02,4.396133e-01,5.200260e-02,-4.461394e+00,-1.907375e+00,4.688330e+00,1.755345e+00,3.854618e-02,5.161069e-01,2.432378e+00,3.455919e+00,7.759094e-03,2.985553e+00,6.217367e+00,-6.988592e-02,-2.856183e+00,4.012868e+00,-1.831099e+00,-8.444880e-01,-7.598017e-01,-9.778998e-01,-9.793018e-01,-1.136236e+00,-6.351703e-01,-5.451554e-01,-2.792275e-01,-1.624712e-02,-1.020660e-02,-1.996964e-03,1.044774e-03,3.064911e-02,-1.032296e-02,-5.109503e-02,-3.861916e-02,-6.680298e-03,-1.112821e-01,1.064341e+02,8.805988e-04,9.383752e-04,2.479735e-02,-8.498119e+01,-7.536213e-04,-9.084532e-04,-1.916359e-02
46,0.460000,4.072554e-01,-2.815847e+01,-8.073189e+00,-8.555307e+00,-1.897694e+01,-8.763202e+00,-5.357448e+00,-1.433408e+01,7.988037e+00,-2.146866e-01,6.156832e+00,-2.242908e+01,-7.243071e-01,-1.086299e+01,-5.884454e+00,-1.112637e+01,-4.199296e+00,-2.282907e+00,-1.900462e+00,-2.450151e+00,-1.764353e+00,-2.939276e+00,-2.685538e+00,-1.840228e+00,3.767343e-01,5.057363e-01,8.930061e-01,1.068769e+00,1.271756e+00,1.535567e+00,1.764587e+00,2.518656e+00,3.189832e+02,1.998671e-01,-1.591522e-02,-4.324079e+00,-2.846761e+00,3.743740e+00,8.884913e-01,-3.479591e-01,2.164068e+00,5.022825e+00,4.540534e+00,-1.100825e+00,2.930244e+00,9.828428e+00,2.473472e+00,-2.230894e+00,6.048334e+00,-1.375716e+00,-1.065537e+00,-8.879737e-01,-8.655178e-01,-7.754821e-01,-1.235381e+00,-5.247557e-01,-4.662500e-01,-2.212696e-01,-2.043863e-02,8.277821e-03,-2.820797e-02,3.189468e-03,3.674097e-02,6.414890e-03,-5.694882e-02,-7.309000e-02,7.086182e-03,-6.589365e-02,0,0,0,0,-5.311549e+01,-4.402994e-04,-4.691876e-04,-1.239867e-02
47,0.470000,3.357957e-01,-3.241716e+01,-1.251530e+01,-4.319421e+00,-1.976017e+01,-9.907098e+00,-8.673778e-01,-7.385985e+00,1.339607e+01,-2.088981e+00,7.612764e+00,-1.037922e+01,3.808053e+00,-1.192135e+01,4.797697e+00,-1.105962e+01,-5.521511e+00,-3.425232e+00,-2.759247e+00,-3.166139e+00,-3.216828e+00,-3.483810e+00,-3.013519e+00,-1.892028e+00,3.630188e-01,5.175998e-01,8.397714e-01,1.070541e+00,1.317833e+00,1.546221e+00,1.700119e+00,2.383764e+00,3.189832e+02,4.031248e-01,-7.357679e-02,-3.110811e+00,-2.786079e+00,2.249927e+00,-2.348995e-02,-1.289732e+00,2.489779e+00,5.627316e+00,2.697156e+00,-2.056336e+00,1.950629e+00,1.051149e+01,4.555018e+00,-4.691110e-01,5.110366e+00,-5.039061e-01,-9.094944e-01,-7.303385e-01,-5.642747e-01,-3.999326e-01,-1.007231e+00,-3.194340e-01,-2.288045e-01,-1.295548e-01,-2.885213e-02,1.768137e-02,-5.253121e-02,3.948033e-03,3.254991e-02,1.215512e-02,-5.685605e-02,-7.439800e-02,0,-5.481035e-03,0,0,0,0,-2.128682e+01,-1.761198e-04,-1.876750e-04,-4.959470e-03
48,0.480000,1.744131e-01,-3.444016e+01,-1.472702e+01,-5.400770e+00,-2.067390e+01,-1.079282e+01,2.753844e+00,-6.345366e-01,1.432355e+01,-5.689425e+00,1.059374e+01,1.509776e+00,1.219551e+01,-9.916570e+00,7.820948e+00,-1.141760e+01,-6.307044e+00,-4.013747e+00,-2.943630e+00,-2.990978e+00,-3.834240e+00,-3.556434e+00,-3.055704e+00,-2.030576e+00,3.224871e-01,5.680254e-01,7.607062e-01,1.069425e+00,1.306816e+00,1.567432e+00,1.632653e+00,2.308590e+00,3.189832e+02,2.032577e-01,-7.507163e-02,-1.807932e+00,-1.698830e+00,1.407915e+00,2.553303e-01,-1.460168e+00,2.527048e+00,4.664827e+00,1.032403e-01,-1.687280e+00,3.635984e-01,8.105964e+00,4.633824e+00,9.235090e-01,2.462077e+00,-1.840463e-01,-5.124917e-01,-4.927638e-01,-2.993775e-01,-1.212438e-01,-6.512902e-01,-1.837732e-01,-2.451882e-02,-9.346380e-02,-3.784295e-02,2.282472e-02,-4.748642e-02,1.115904e-02,3.645071e-02,2.166963e-02,6.245339e-03,-4.335404e-04,0,4.400680e-02,0,0,0,0,0,0,0,0
49,0.490000,1.157419e-01,-3.488918e+01,-1.589672e+01,-3.706813e+00,-2.058026e+01,-1.432130e+01,2.694042e+00,8.001882e-01,1.160738e+01,-6.735015e+00,9.294723e+00,8.320721e+00,1.623163e+01,-7.585816e+00,6.609806e+00,-1.129384e+01,-6.413672e+00,-4.084470e+00,-3.044812e+00,-2.983463e+00,-4.191857e+00,-3.603278e+00,-2.861340e+00,-1.976048e+00,2.732445e-01,5.627623e-01,7.200282e-01,1.077483e+00,1.363894e+00,1.587498e+00,1.665689e+00,2.369328e+00,3.189832e+02,4.105128e-01,-3.858886e-02,-8.711289e-01,-2.425561e-01,1.523702e+00,1.021672e+00,-1.955255e+00,1.288900e+00,3.167643e+00,-1.272229e+00,-1.276353e+00,-1.560892e+00,3.421408e+00,1.283378e+00,-1.832438e-01,-5.632707e-01,1.808035e-01,-8.006010e-02,-1.999267e-01,-1.348887e-01,-8.375061e-02,-4.048325e-01,-1.072710e-01,5.086780e-02,-9.320025e-02,-3.273495e-02,1.537837e-02,-2.928249e-02,2.644303e-02,5.063260e-02,2.172473e-02,6.804106e-02,6.653581e-02,0,2.391139e-02,0,0,0,0,0,0,0,0
50,0.500000,1.419241e-01,-3.596212e+01,-1.487663e+01,-1.822036e+00,-1.729024e+01,-1.385694e+01,5.497081e+00,4.896973e+00,9.398582e+00,-6.328072e+00,7.133845e+00,8.750773e+00,1.623302e+01,-8.413211e+00,5.519877e+00,-1.192949e+01,-6.315674e+00,-4.417107e+00,-3.254567e+00,-3.147708e+00,-4.533289e+00,-3.798407e+00,-2.884222e+00,-2.265537e+00,2.324067e-01,5.972786e-01,7.154457e-01,1.121093e+00,1.430979e+00,1.623276e+00,1.813028e+00,2.523706e+00,3.189832e+02,4.162071e-01,4.009888e-04,-3.522301e-01,8.236858e-01,2.228923e+00,1.607956e+00,-1.528606e+00,8.424114e-01,2.087568e+00,-1.426780e+00,-1.519658e+00,-2.922809e+00,-7.942374e-01,-1.688873e+00,-2.040883e+00,-2.014142e+00,-8.292007e-02,2.237667e-01,-6.143303e-02,-7.923062e-02,-1.210329e-01,-2.952145e-01,-1.106545e-01,3.492429e-02,-7.997148e-02,-1.453779e-02,5.724603e-03,-9.886617e-03,2.410855e-02,5.353256e-02,1.509792e-02,9.105058e-02,7.626693e-02,0,4.545391e-02,0,0,0,0,0,0,0,0
51,0.510000,1.590958e-01,-3.601183e+01,-1.365328e+01,1.509724e+00,-1.634364e+01,-1.815131e+01,4.205506e+00,5.686476e+00,9.497409e+00,-8.151422e+00,1.538251e+00,3.107325e+00,8.206185e+00,-1.358924e+01,3.131879e+00,-9.899659e+00,-5.917496e+00,-4.223185e+00,-3.278222e+00,-3.506527e+00,-4.891466e+00,-3.899179e+00,-2.844921e+00,-2.240549e+00,2.443842e-01,5.798650e-01,7.159893e-01,1.176922e+00,1.508914e+00,1.626923e+00,1.950137e+00,2.608885e+00,3.189832e+02,4.162071e-01,7.990663e-03,1.011776e-01,1.260663e+00,2.021286e+00,1.551780e+00,-1.325806e+00,-4.012261e-01,1.197893e+00,-5.452200e-01,-2.336688e+00,-2.942264e+00,-3.176331e+00,-3.055783e+00,-3.333152e+00,-2.712421e+00,-7.025660e-01,3.598402e-01,8.375855e-02,9.722424e-03,-1.000233e-01,-1.718173e-01,-3.633487e-02,2.857375e-03,-4.479818e-02,9.320642e-03,-1.514822e-03,6.124675e-04,1.267405e-02,3.450493e-02,5.060136e-03,6.480260e-02,4.368951e-02,-4.032471e-01,1.038912e-02,0,0,0,0,1.965256e+01,0,0,0
52,0.520000,1.547410e-01,-3.563998e+01,-1.173031e+01,3.135578e+00,-1.475244e+01,-1.652085e+01,6.210169e+00,7.360157e+00,8.244633e+00,-1.257951e+01,-1.420655e-01,1.452873e-01,7.763874e+00,-1.711927e+01,-5.107986e-01,-1.252929e+01,-5.436298e+00,-4.251554e+00,-3.223078e+00,-3.334611e+00,-4.960508e+00,-3.961756e+00,-2.889292e+00,-2.298183e+00,2.642283e-01,5.880970e-01,7.132926e-01,1.140248e+00,1.501968e+00,1.623209e+00,1.945682e+00,2.570146e+00,3.189832e+02,4.276802e-01,9.481360e-03,9.469067e-01,7.761605e-01,8.198268e-01,9.527436e-01,-1.200558e+00,-2.268617e+00,-1.624954e+00,-9.991827e-01,-3.014536e+00,-1.771692e+00,-3.338544e+00,-2.061431e+00,-2.255802e+00,-2.021232e+00,-3.588789e-01,4.236868e-01,2.406169e-01,8.626445e-02,4.894376e-03,8.150802e-02,1.346339e-01,6.619342e-02,1.023720e-01,2.840369e-02,-1.268819e-02,1.088462e-02,-4.457057e-03,7.731104e-03,-8.450711e-03,-4.709220e-03,-8.736563e-03,-1.438507e+00,6.665872e-02,0,0,0,0,4.861958e+01,0,0,1.187245e-02
53,0.530000,1.492867e-01,-3.454436e+01,-1.116657e+01,3.920812e+00,-1.409027e+01,-1.961838e+01,3.313675e-01,5.558060e+00,9.458260e+00,-1.529274e+01,-1.778643e+00,-3.258189e+00,5.187291e+00,-1.989854e+01,-3.936961e+00,-1.450677e+01,-5.054159e+00,-3.748454e+00,-3.011945e+00,-3.390128e+00,-4.837334e+00,-3.703279e+00,-2.844518e+00,-2.183717e+00,3.039369e-01,5.597790e-01,7.241670e-01,1.131275e+00,1.500924e+00,1.612832e+00,1.923375e+00,2.564555e+00,3.169670e+02,4.567219e-01,1.704613e-02,1.987625e+00,5.872926e-01,-9.600400e-01,7.070769e-01,-1.077784e+00,-3.047102e+00,-5.697938e+00,-3.262866e+00,-8.360574e-01,9.823006e-01,-3.609780e+00,-1.208969e+00,1.797104e-01,-8.076215e-01,7.123901e-01,4.940372e-01,4.641239e-01,2.067364e-01,1.960357e-01,4.719956e-01,2.926789e-01,2.315999e-01,2.239456e-01,2.730602e-02,-2.094392e-02,2.530671e-02,-1.692473e-02,-2.783621e-02,-1.751131e-02,-4.811741e-02,-1.792598e-02,-3.072690e+00,1.060307e-01,9.826279e+01,0,0,0,7.708696e+01,6.835205e-03,1.238648e-02,4.477740e-02
54,0.540000,1.942355e-01,-3.196132e+01,-1.223918e+01,1.071554e+00,-1.365321e+01,-1.912620e+01,-3.908936e+00,-3.163588e+00,4.422244e+00,-1.783010e+01,-6.616626e-02,-4.759189e+00,7.435318e+00,-1.653757e+01,-1.051863e+00,-1.142033e+01,-4.628909e+00,-3.451388e+00,-2.956383e+00,-3.181435e+00,-4.152815e+00,-3.223188e+00,-2.553457e+00,-1.782093e+00,3.446488e-01,5.438806e-01,7.657799e-01,1.121631e+00,1.473630e+00,1.588068e+00,1.802863e+00,2.502188e+00,3.127988e+02,7.292433e-01,2.400855e-02,3.135083e+00,8.529977e-01,-2.761492e+00,-9.446659e-02,-1.782596e+00,-2.680802e+00,-9.434828e+00,-6.107985e+00,2.826912e+00,4.217182e+00,-3.327646e+00,-1.929307e+00,1.991641e+00,-1.408517e-01,2.679724e+00,5.826625e-01,8.088931e-01,4.073455e-01,4.498017e-01,8.481437e-01,4.088020e-01,4.436409e-01,3.476563e-01,1.773062e-02,-3.277896e-02,3.492073e-02,-2.463380e-02,-4.279524e-02,-1.916635e-02,-4.162599e-02,-4.553747e-03,-4.617438e+00,1.176090e-01,1.939665e+02,0,0,5.936226e-02,7.581053e+01,1.120771e-02,1.903056e-02,6.617711e-02
55,0.550000,2.245793e-01,-2.791303e+01,-1.046238e+01,-2.258464e+00,-1.335787e+01,-2.223755e+01,-5.970453e+00,-1.754134e+01,-4.905730e+00,-9.706417e+00,6.411805e+00,-1.248934e+01,2.325615e+00,-1.298154e+01,-6.356966e-01,-6.892187e+00,-3.851004e+00,-2.302649e+00,-2.377887e+00,-2.602936e+00,-2.935334e+00,-2.805068e+00,-1.854839e+00,-1.378866e+00,3.407041e-01,4.972536e-01,8.162792e-01,1.101607e+00,1.383902e+00,1.556937e+00,1.780959e+00,2.553234e+00,3.067120e+02,7.955790e-01,1.627298e-02,3.786786e+00,2.014648e+00,-3.638627e+00,-1.307505e+00,-1.863997e+00,8.653755e-02,-9.118423e+00,-8.388670e+00,6.012971e+00,7.002740e+00,-2.623329e+00,-2.904148e+00,2.675549e+00,-1.344582e+00,2.748323e+00,6.347986e-01,1.060012e+00,6.459880e-01,7.644069e-01,1.044801e+00,3.842764e-01,5.480500e-01,3.186018e-01,1.825979e-03,-3.575313e-02,2.787132e-02,-4.898221e-02,-6.333244e-02,-1.759516e-02,-2.414968e-02,1.016173e-02,-5.354498e+00,9.351276e-02,2.884515e+02,3.417603e-02,6.193240e-02,1.942059e-01,4.559821e+01,1.188675e-02,1.983119e-02,5.925082e-02
56,0.560000,2.371375e-01,-2.328023e+01,-7.817415e+00,-7.582245e+00,-1.559097e+01,-2.412424e+01,-4.042929e+00,-2.826428e+01,-1.511330e+01,-1.238110e+00,1.684862e+01,-1.187737e+01,-4.518236e-01,-1.061957e+01,-2.865690e+00,-2.937958e+00,-3.124563e+00,-9.299915e-01,-1.503380e+00,-1.479198e+00,-1.670789e+00,-2.366851e+00,-1.165927e+00,-9.623262e-01,3.344978e-01,4.554649e-01,8.418402e-01,1.031913e+00,1.346503e+00,1.555326e+00,1.808760e+00,2.553038e+00,3.010235e+02,8.462968e-01,3.243005e-02,3.476020e+00,2.901536e+00,-3.668147e+00,-3.175127e+00,-2.352103e+00,2.182213e+00,-4.970900e+00,-7.943404e+00,6.206207e+00,6.491581e+00,-5.121848e-01,-3.606180e+00,1.020806e+00,-2.546149e+00,1.332371e+00,5.339712e-01,1.103606e+00,7.948858e-01,9.265158e-01,9.457389e-01,2.591413e-01,4.425256e-01,1.639160e-01,-4.741088e-03,-2.524528e-02,1.203787e-02,-5.461111e-02,-4.133817e-02,8.792579e-03,4.464548e-02,3.413224e-02,-5.258267e+00,3.581465e-02,2.839583e+02,3.895054e-02,6.418662e-02,2.337826e-01,1.629598e+01,1.888861e-03,1.673985e-03,5.228081e-03
57,0.570000,2.092006e-01,-1.995097e+01,-3.304213e+00,-9.945420e+00,-1.965891e+01,-2.643934e+01,8.310521e-01,-2.748371e+01,-2.271731e+01,6.476126e+00,2.477766e+01,-1.281575e+01,-5.389879e+00,-9.479798e+00,-9.752959e+00,-5.006338e+00,-2.632339e+00,2.909083e-01,-5.085066e-01,-4.192123e-01,-8.543440e-01,-2.210065e+00,-7.980330e-01,-1.000591e+00,3.181423e-01,4.252212e-01,8.254935e-01,9.312231e-01,1.247825e+00,1.541228e+00,1.799678e+00,2.589939e+00,2.960821e+02,8.657589e-01,5.443266e-02,2.517864e+00,2.886650e+00,-3.068664e+00,-4.809661e+00,-1.878918e+00,3.207503e+00,4.386335e-01,-6.711646e+00,2.782361e+00,3.552822e+00,2.279992e+00,-2.910493e+00,-8.178544e-01,-2.276150e+00,7.221520e-02,3.355894e-01,8.157985e-01,7.186558e-01,9.285842e-01,6.814602e-01,1.127625e-01,2.001948e-01,-2.249154e-02,2.884239e-04,-5.607146e-03,-6.064785e-03,-5.206134e-02,-1.654707e-02,2.469035e-02,7.648303e-02,3.142772e-02,-4.637320e+00,1.874766e-02,2.812579e+02,3.995848e-02,6.706263e-02,2.090440e-01,-2.774512e+00,-8.883496e-03,-1.665541e-02,-4.629988e-02
58,0.580000,3.640750e-01,-1.856225e+01,-1.310584e+00,-1.342570e+01,-2.637832e+01,-2.878582e+01,3.601376e+00,-2.304691e+01,-2.638898e+01,5.109669e+00,2.320881e+01,-7.156909e+00,-6.737833e+00,-1.318441e+01,-9.223975e+00,-5.701399e+00,-2.568386e+00,7.698614e-01,8.335512e-02,3.592818e-01,-4.646163e-01,-2.224983e+00,-8.692316e-01,-1.151651e+00,3.322243e-01,4.536704e-01,8.213621e-01,9.337671e-01,1.334978e+00,1.639885e+00,2.016731e+00,2.654497e+00,2.918224e+02,8.732266e-01,7.028127e-02,1.371469e+00,2.286910e+00,-1.917311e+00,-5.455971e+00,-1.225351e+00,3.311429e+00,3.209378e+00,-5.252038e+00,-1.409535e+00,3.975542e-01,3.119453e+00,-2.063165e+00,-2.689350e+00,-4.149751e-01,-1.767957e-01,1.696112e-01,4.253175e-01,5.097336e-01,8.016028e-01,4.411260e-01,-5.660190e-02,-3.344058e-02,-1.371544e-01,5.364406e-03,1.101412e-02,-1.147092e-02,-3.782977e-02,4.697668e-03,3.669338e-02,1.051534e-01,3.289466e-02,-4.008606e+00,6.889641e-03,2.790432e+02,6.553078e-03,5.804807e-03,7.808362e-02,-2.122501e+00,-9.861607e-03,-1.738316e-02,-5.642204e-02
59,0.590000,4.332738e-01,-1.768270e+01,7.174572e-01,-1.468005e+01,-3.201250e+01,-2.930136e+01,6.244910e+00,-1.795686e+01,-3.282612e+01,1.031498e+00,2.099582e+01,-3.449611e+00,-9.083847e+00,-1.578839e+01,-8.837303e+00,-5.149390e+00,-2.451146e+00,9.264171e-01,4.220243e-01,1.120745e+00,-1.311199e-01,-2.312190e+00,-1.002213e+00,-1.396661e+00,3.432830e-01,4.701151e-01,7.961943e-01,8.903733e-01,1.306929e+00,1.638109e+00,2.059389e+00,2.659643e+00,2.881259e+02,8.758523e-01,4.328169e-02,6.080658e-01,1.346874e+00,-9.432313e-01,-4.912322e+00,-2.598720e-01,2.621515e+00,3.572211e+00,-3.181168e+00,-4.658994e+00,-1.080396e+00,3.886152e+00,-4.871312e-01,-2.838908e+00,1.866788e+00,5.404618e-01,5.814157e-02,1.139252e-01,3.028217e-01,6.162745e-01,2.576891e-01,-1.242456e-01,-1.676621e-01,-1.185128e-01,9.710312e-03,1.503869e-02,-1.208214e-02,-3.089258e-02,4.124701e-03,1.727077e-02,7.790215e-02,1.564255e-02,-3.448184e+00,2.269447e-03,2.770365e+02,5.957280e-03,7.846245e-03,4.055597e-02,-1.766922e+00,-6.758892e-03,-1.157213e-02,-2.955600e-02
60,0.600000,4.765073e-01,-1.755702e+01,1.606301e+00,-1.480148e+01,-3.669403e+01,-2.881999e+01,9.807286e+00,-1.698081e+01,-3.631909e+01,-5.563472e+00,2.072732e+01,-9.631739e-01,-8.920663e+00,-2.091202e+01,-5.398393e+00,-3.750411e+00,-2.367103e+00,8.788417e-01,5.800228e-01,1.758837e+00,1.732286e-01,-2.598798e+00,-1.231040e+00,-1.450063e+00,3.487495e-01,4.880886e-01,7.991352e-01,8.631892e-01,1.340439e+00,1.690352e+00,2.204672e+00,2.682659e+00,2.849586e+02,8.756983e-01,1.034602e-02,2.135971e-01,8.119366e-01,6.201245e-01,-3.613750e+00,3.707846e-01,1.905943e+00,3.365686e+00,-3.305691e-01,-5.543939e+00,-4.428104e-01,2.298396e+00,9.537304e-01,-1.327673e+00,2.817667e+00,9.503391e-02,2.178648e-02,-1.718565e-02,2.064694e-01,3.471937e-01,4.338013e-02,-1.527661e-01,-2.184118e-01,-4.948205e-02,5.355719e-03,8.330581e-03,-1.591669e-02,-3.319400e-02,-1.937984e-02,-9.969926e-03,6.695199e-03,-3.745532e-03,-2.978125e+00,2.182543e-04,2.754565e+02,6.643104e-03,6.879010e-03,3.591637e-02,-1.567935e+00,-7.626114e-04,-1.106808e-04,6.708077e-03
61,0.610000,3.693930e-01,-1.741326e+01,1.971718e+00,-1.397369e+01,-3.906267e+01,-2.772162e+01,1.083567e+01,-1.265570e+01,-3.365810e+01,-1.148227e+01,2.061643e+01,3.518147e+00,-6.734119e+00,-1.981054e+01,-2.331810e+00,-3.279523e+00,-2.442272e+00,8.060440e-01,7.572680e-01,1.962382e+00,1.151793e-01,-2.644385e+00,-1.455439e+00,-1.443949e+00,3.584312e-01,4.832056e-01,7.761962e-01,8.120492e-01,1.265718e+00,1.602348e+00,2.095218e+00,2.654071e+00,2.822731e+02,8.758703e-01,2.524883e-03,-6.502132e-02,4.257613e-01,1.475086e+00,-1.905193e+00,4.382382e-02,1.084546e-01,3.743760e+00,3.023041e+00,-4.689379e+00,-1.117651e+00,7.259668e-01,2.242929e+00,1.199798e+00,2.847324e+00,-1.109346e+00,-1.125820e-02,-5.085909e-02,1.862941e-01,1.335803e-02,-2.573982e-01,-1.018400e-01,-2.174595e-01,-1.843159e-02,2.509126e-03,3.206748e-03,-2.047323e-02,-2.426234e-02,-1.069436e-02,-1.985755e-02,-3.151324e-02,-8.816862e-03,-2.641254e+00,-1.012516e-03,2.742167e+02,6.119010e-03,8.664877e-03,8.234759e-02,-1.630630e+00,-1.100414e-03,-1.009766e-03,1.462493e-02
62,0.620000,4.477455e-01,-1.762899e+01,2.121969e+00,-1.067827e+01,-4.092199e+01,-2.772176e+01,1.083571e+01,-8.869056e+00,-2.762584e+01,-1.635314e+01,2.118445e+01,8.511907e-01,-3.144045e+00,-1.781171e+01,1.611616e+00,-6.161163e+00,-2.463890e+00,7.441196e-01,9.480803e-01,1.674432e+00,-3.708652e-01,-2.822716e+00,-1.734677e+00,-1.375417e+00,3.514287e-01,4.887781e-01,7.517776e-01,8.069592e-01,1.258684e+00,1.607916e+00,2.032292e+00,2.638555e+00,2.798582e+02,8.743089e-01,1.262118e-02,-2.080698e-01,4.247076e-01,1.926151e+00,-3.669247e-01,-9.606703e-01,-1.430512e+00,3.828622e+00,4.567900e+00,-2.737653e+00,-2.807142e+00,-1.061768e+00,2.157537e+00,3.963767e+00,1.091881e+00,-2.303566e+00,8.385539e-03,-2.606229e-02,1.822871e-01,-2.393524e-01,-5.117966e-01,-4.081464e-02,-1.614788e-01,-2.015487e-02,-3.971994e-04,-1.545978e-03,-2.879551e-02,-1.705383e-02,-2.732646e-03,-2.343967e-02,-6.047229e-02,-9.287286e-03,-2.472217e+00,-1.965404e-03,2.726134e+02,2.659156e-03,4.842087e-03,9.072819e-02,-1.965091e+00,-5.897861e-04,-1.371683e-03,2.197428e-03
63,0.630000,4.602791e-01,-1.797182e+01,2.588429e+00,-9.366233e+00,-3.942449e+01,-2.963135e+01,6.272972e+00,-3.293939e+00,-2.205754e+01,-1.702056e+01,1.517900e+01,-7.269590e-01,-7.575105e-01,-1.133956e+01,1.894311e+00,-9.490742e+00,-2.459044e+00,7.394826e-01,1.169466e+00,1.229738e+00,-1.146064e+00,-2.709431e+00,-1.837691e+00,-1.526142e+00,3.544890e-01,4.858041e-01,7.175069e-01,7.971766e-01,1.294335e+00,1.580039e+00,1.988013e+00,2.637611e+00,2.774699e+02,8.714845e-01,-3.860992e-03,-2.591684e-01,5.869652e-01,1.638380e+00,7.793392e-01,-1.978588e+00,-1.934345e+00,2.688459e+00,3.729462e+00,-1.042989e+00,-4.517413e+00,-1.778623e+00,1.300839e+00,4.558665e+00,-1.096353e+00,-2.573669e+00,7.850740e-02,9.392947e-03,1.399986e-01,-2.909353e-01,-5.762926e-01,-5.616522e-03,-7.006023e-02,-3.393885e-02,1.516581e-04,1.692176e-05,-2.646708e-02,-5.139887e-04,2.172583e-02,6.796825e-03,-1.543955e-02,4.121614e-03,-2.436517e+00,-2.306300e-03,2.703049e+02,2.447186e-03,3.815874e-03,8.627471e-02,-2.329428e+00,3.889483e-04,-8.797107e-04,-1.308830e-02
64,0.640000,4.941701e-01,-1.831809e+01,3.421483e+00,-7.474457e+00,-3.834775e+01,-3.266848e+01,4.936077e+00,-2.518584e+00,-1.927987e+01,-1.648259e+01,9.410321e+00,-4.149460e+00,-1.121280e+00,-5.328671e+00,-2.052050e+00,-1.216263e+01,-2.316790e+00,7.818109e-01,1.285359e+00,9.283974e-01,-1.755133e+00,-2.770348e+00,-1.847308e+00,-1.509741e+00,3.487346e-01,4.790594e-01,6.845023e-01,7.853563e-01,1.312467e+00,1.584308e+00,1.955913e+00,2.644453e+00,2.749991e+02,8.680642e-01,6.527781e-04,-1.363604e-01,6.147838e-01,1.008515e+00,1.362180e+00,-2.283829e+00,-1.479343e+00,1.213416e+00,1.927506e+00,-3.187258e-01,-4.371603e+00,-5.725187e-01,9.858436e-02,3.190215e+00,-2.394300e+00,-1.853909e+00,1.239747e-01,3.751866e-02,5.858947e-02,-2.003290e-01,-4.551579e-01,3.921606e-02,3.007492e-02,-6.752956e-03,6.950498e-04,-1.615909e-03,-1.849116e-02,4.266196e-03,1.525372e-02,1.638292e-02,-8.526409e-03,7.973433e-04,-2.442010e+00,-1.332796e-03,2.675869e+02,5.530085e-03,2.445096e-03,4.493995e-02,-2.458490e+00,1.429764e-03,5.735168e-04,-1.756527e-02
65,0.650000,3.268757e-01,-1.836455e+01,4.256787e+00,-7.383692e+00,-3.645309e+01,-3.514120e+01,4.113765e+00,-2.388644e+00,-1.918377e+01,-1.663249e+01,3.916429e+00,-2.874641e+00,-1.241305e+00,-3.258725e+00,-5.981740e+00,-1.314713e+01,-2.123285e+00,8.341631e-01,1.288622e+00,8.807227e-01,-2.074150e+00,-2.698652e+00,-1.749425e+00,-1.546481e+00,3.605366e-01,4.881495e-01,6.774985e-01,8.202806e-01,1.347455e+00,1.648136e+00,2.056210e+00,2.671730e+00,2.725201e+02,8.674611e-01,4.726568e-03,3.120461e-02,4.183378e-01,7.392204e-01,1.041705e+00,-1.943795e+00,-3.410252e-01,-2.717743e-01,-4.182301e-02,-2.640377e-01,-2.565248e+00,1.147610e-01,-6.887921e-01,3.672566e-02,-2.007621e+00,-1.187950e+00,1.462254e-01,4.302576e-02,-2.217566e-02,-8.908939e-02,-2.574596e-01,3.100073e-02,9.134112e-02,5.140610e-02,2.393901e-04,-1.043093e-03,-5.702621e-03,1.041844e-02,7.110870e-03,3.345783e-02,1.592138e-02,-8.955717e-04,-2.420981e+00,-2.034903e-04,2.650828e+02,6.628286e-03,5.464820e-03,3.980020e-02,-2.357883e+00,7.859943e-04,1.262254e-03,-3.707694e-03
66,0.660000,5.177111e-01,-1.811443e+01,4.361709e+00,-6.626959e+00,-3.559679e+01,-3.638598e+01,4.518598e+00,-3.254623e+00,-1.942519e+01,-1.814081e+01,4.957726e+00,-9.375618e-01,-2.409226e+00,-5.901047e+00,-6.421859e+00,-1.360251e+01,-2.011896e+00,8.843727e-01,1.181450e+00,8.472944e-01,-2.182612e+00,-2.632025e+00,-1.628436e+00,-1.399013e+00,3.518802e-01,4.795258e-01,6.793261e-01,8.167381e-01,1.308393e+00,1.655782e+00,1.955561e+00,2.625482e+00,2.701230e+02,8.696566e-01,2.983257e-02,8.865585e-02,1.868577e-01,2.664278e-01,6.059433e-01,-1.435539e+00,-3.106829e-01,-7.114557e-01,-5.869280e-01,-4.255033e-01,-3.971675e-01,5.205699e-01,-8.065275e-01,-1.973117e+00,-9.085968e-01,-5.398440e-01,9.913616e-02,4.330438e-02,-5.550673e-02,-3.318185e-02,-1.278420e-01,4.695864e-02,8.595016e-02,5.026761e-02,-2.086356e-03,-3.146106e-03,1.678282e-03,5.511451e-03,-2.348042e-03,1.823578e-02,1.254175e-02,-6.527948e-03,-2.375171e+00,3.574252e-04,2.629320e+02,7.717425e-03,6.885198e-03,2.613908e-02,-2.237762e+00,1.912100e-04,1.110954e-03,1.049970e-02
67,0.670000,4.721414e-01,-1.791763e+01,4.210005e+00,-6.093880e+00,-3.559144e+01,-3.749157e+01,4.776585e+00,-4.284791e+00,-2.219399e+01,-1.751164e+01,4.579055e+00,-1.759103e+00,-3.557498e+00,-1.086974e+01,-5.958890e+00,-1.471055e+01,-1.880363e+00,9.033306e-01,1.110542e+00,8.248423e-01,-2.219622e+00,-2.623589e+00,-1.490422e+00,-1.324476e+00,3.541131e-01,4.803554e-01,6.915820e-01,8.335779e-01,1.331926e+00,1.711591e+00,2.067796e+00,2.642618e+00,2.678030e+02,8.696708e-01,3.980041e-03,2.038193e-02,1.218907e-01,1.225087e-01,8.859177e-02,-1.034804e+00,-9.795483e-01,-9.177667e-01,-1.870302e-01,-4.953867e-01,5.455239e-01,-4.999255e-01,-6.667830e-01,-2.682390e+00,-7.657266e-01,-1.658645e-01,7.065694e-02,4.511619e-02,-4.282393e-02,-3.695767e-02,-9.570317e-02,2.264702e-02,2.611589e-02,1.676288e-02,-5.206916e-03,-6.227076e-03,8.620322e-04,-3.531843e-03,-1.043422e-02,-3.629375e-03,-2.796543e-03,-1.585097e-02,-2.356033e+00,-8.605301e-04,2.608429e+02,5.283487e-03,7.907093e-03,7.713667e-02,-2.298599e+00,2.430545e-04,3.901664e-05,1.613516e-02
68,0.680000,5.707001e-01,-1.809827e+01,4.379162e+00,-6.787224e+00,-3.574886e+01,-3.867099e+01,3.051252e+00,-5.127789e+00,-2.070940e+01,-1.817053e+01,7.093171e+00,-2.104380e+00,-3.995821e+00,-1.138875e+01,-6.606459e+00,-1.408014e+01,-1.942570e+00,9.637491e-01,1.096865e+00,7.904283e-01,-2.321606e+00,-2.573087e+00,-1.547059e+00,-1.369405e+00,3.415146e-01,4.672259e-01,6.858520e-01,8.062649e-01,1.308491e+00,1.643760e+00,2.012829e+00,2.626369e+00,2.654818e+02,8.687465e-01,-4.354975e-02,-8.450317e-02,1.866556e-01,1.984776e-01,8.138390e-02,-7.744255e-01,-1.727549e+00,-3.185819e-01,6.536608e-01,-2.832384e-01,5.236583e-01,-1.208906e+00,5.560691e-01,-2.132293e+00,-1.079670e+00,3.280640e-02,5.831463e-02,4.538747e-02,-2.376869e-02,-5.068552e-02,-1.384075e-01,9.177303e-03,-2.685928e-02,-4.545251e-02,-5.354166e-03,-5.152708e-03,-2.233326e-03,-1.537389e-03,-4.433381e-03,-1.286771e-02,8.445978e-03,-1.171691e-02,-2.419116e+00,-3.460371e-03,2.585180e+02,7.158535e-03,6.778731e-03,7.877019e-02,-2.608351e+00,3.951186e-04,-1.603309e-04,5.682536e-03
69,0.690000,3.202814e-01,-1.827072e+01,4.857514e+00,-6.691017e+00,-3.593410e+01,-3.917272e+01,-5.030282e-02,-6.040895e+00,-1.947682e+01,-1.909456e+01,5.576326e+00,-4.790860e+00,-3.781922e+00,-1.392682e+01,-9.718074e+00,-1.373764e+01,-1.804664e+00,1.020056e+00,1.116794e+00,7.243674e-01,-2.483169e+00,-2.614886e+00,-1.659534e+00,-1.477470e+00,3.396848e-01,4.631641e-01,6.785457e-01,8.078580e-01,1.295235e+00,1.636001e+00,2.013593e+00,2.592032e+00,2.630605e+02,8.636135e-01,-3.356634e-02,-1.001486e-01,3.305130e-02,7.263273e-01,5.151222e-01,-7.060738e-01,-1.638678e+00,4.787011e-01,1.228570e+00,2.448635e-02,5.326498e-01,-9.004024e-01,1.376173e+00,-1.518877e+00,-1.468431e+00,2.211456e-02,6.473948e-02,3.226368e-02,-4.337063e-02,-7.440328e-02,-1.853607e-01,2.554476e-02,-8.995461e-03,-3.174319e-02,-5.075294e-03,-8.478045e-03,-4.962242e-03,-7.437420e-03,-5.886340e-03,-2.399189e-02,-2.189424e-02,-1.503172e-02,-2.558923e+00,-7.077277e-03,2.557968e+02,8.123004e-03,5.713137e-03,9.416043e-02,-2.978362e+00,1.069631e-03,-5.057873e-05,-1.702329e-03
70,0.700000,3.758924e-01,-1.836040e+01,4.971233e+00,-5.336003e+00,-3.501854e+01,-3.941754e+01,-1.705701e+00,-3.969481e+00,-1.751547e+01,-1.876554e+01,7.077383e+00,-5.466212e+00,4.833320e-01,-1.503397e+01,-9.940618e+00,-1.392494e+01,-1.758173e+00,1.052947e+00,1.059481e+00,6.441042e-01,-2.742876e+00,-2.590490e+00,-1.678176e+00,-1.549778e+00,3.323235e-01,4.623580e-01,6.746776e-01,8.219112e-01,1.304572e+00,1.629239e+00,2.024892e+00,2.592191e+00,2.603987e+02,8.553833e-01,-2.253186e-02,-1.653194e-01,-2.426598e-01,1.395393e+00,1.284452e+00,-3.213223e-01,-6.221776e-01,8.903877e-01,8.892692e-01,5.932735e-01,4.431506e-01,4.285759e-01,1.961835e+00,-7.162499e-01,-1.393627e+00,-7.406845e-02,7.915870e-02,-1.019858e-02,-1.359455e-01,-1.132408e-01,-1.946533e-01,3.143430e-02,3.404653e-02,1.107596e-02,-4.387090e-03,-5.938193e-03,-1.283664e-03,4.732072e-04,1.424252e-02,-3.643966e-03,2.279422e-02,1.000690e-02,-2.799783e+00,-1.576100e-02,2.524133e+02,8.273260e-03,7.180522e-03,4.603988e-02,-3.522366e+00,1.102812e-03,2.578028e-04,-2.519192e-03
71,0.710000,4.017136e-01,-1.828731e+01,4.079226e+00,-3.187854e+00,-3.338099e+01,-4.064867e+01,-1.038330e+00,-2.470439e+00,-1.764810e+01,-1.709171e+01,7.250198e+00,-4.580200e+00,1.083791e+00,-1.664152e+01,-1.163397e+01,-1.467758e+01,-1.648865e+00,1.020050e+00,9.123816e-01,5.259879e-01,-2.935791e+00,-2.487163e+00,-1.469841e+00,-1.393006e+00,3.333322e-01,4.403992e-01,6.723580e-01,7.885677e-01,1.304455e+00,1.598892e+00,1.952293e+00,2.584549e+00,2.575499e+02,8.409660e-01,4.001468e-02,-5.953407e-01,-5.329229e-01,1.734166e+00,2.094163e+00,4.094498e-01,-2.620454e-02,2.080499e-01,5.819683e-01,-1.886791e-01,5.188203e-01,2.178296e+00,1.501140e+00,1.063900e+00,-1.131663e+00,-2.200622e-02,5.284265e-02,-8.576375e-02,-3.066230e-01,-2.153346e-01,-2.098403e-01,-8.585214e-04,-1.835977e-02,1.777657e-02,-8.099556e-03,-1.060322e-02,9.421528e-04,-4.599857e-03,1.718144e-02,-8.506179e-03,3.609800e-03,1.772583e-02,-3.124557e+00,-2.382721e-02,2.490035e+02,1.007428e-02,7.453303e-03,8.499018e-02,-4.098889e+00,1.394945e-03,6.322013e-04,5.331093e-03
72,0.720000,4.173248e-01,-1.891657e+01,3.555007e+00,-1.561840e+00,-3.060315e+01,-3.953962e+01,4.343776e-01,-2.461078e+00,-1.717741e+01,-1.620559e+01,8.471988e+00,-6.683016e-02,3.380495e+00,-1.361265e+01,-1.261665e+01,-1.398052e+01,-1.624676e+00,9.127592e-01,5.193438e-01,3.234139e-01,-3.068562e+00,-2.479776e+00,-1.471673e+00,-1.356258e+00,3.227554e-01,4.489174e-01,6.825275e-01,8.182761e-01,1.375094e+00,1.644094e+00,2.157450e+00,2.680145e+00,2.542382e+02,8.012652e-01,9.805644e-03,-1.518054e+00,-8.425052e-01,2.005927e+00,2.803464e+00,1.808181e+00,-5.239466e-01,-9.916723e-01,1.313724e+00,-1.667570e+00,-1.187046e+00,2.427181e+00,1.103632e-01,1.869684e+00,-8.053393e-01,-6.435785e-01,-2.805121e-02,-2.917544e-01,-5.157171e-01,-4.325894e-01,-2.801062e-01,-1.192227e-01,-1.883964e-01,-5.653980e-02,-1.100283e-02,-8.214092e-03,5.548954e-04,4.666364e-03,2.684705e-02,-3.363752e-03,-1.344994e-02,1.208062e-02,-3.227243e+00,-3.235849e-02,2.443029e+02,1.169696e-02,7.197661e-03,7.075936e-02,-1.995989e+01,2.550586e-04,-4.916550e-05,5.655112e-03
73,0.730000,4.996386e-01,-2.096934e+01,2.901012e+00,9.273203e-02,-2.767097e+01,-3.706443e+01,-1.251365e+00,-5.754847e+00,-1.673601e+01,-2.131793e+01,7.473125e+00,3.400928e+00,2.275194e+00,-9.317981e+00,-1.403837e+01,-1.381988e+01,-1.607199e+00,6.613312e-01,-1.462525e-01,-1.919603e-01,-3.369527e+00,-2.674535e+00,-1.854585e+00,-1.485348e+00,3.039711e-01,4.168682e-01,6.793315e-01,7.866762e-01,1.345881e+00,1.586042e+00,1.965363e+00,2.636684e+00,2.505180e+02,7.715365e-01,-1.180106e-02,-2.782466e+00,-1.467340e+00,2.581580e+00,3.270871e+00,3.530689e+00,-9.374134e-01,-1.392272e+00,2.817904e+00,-2.705207e+00,-3.376181e+00,1.507196e+00,-3.425128e-01,1.605984e+00,6.193752e-01,-1.421297e+00,-2.247200e-01,-6.171968e-01,-7.411706e-01,-7.245134e-01,-4.366682e-01,-3.098333e-01,-3.766122e-01,-1.639521e-01,-1.392563e-02,-6.236613e-04,3.400743e-04,2.437488e-02,3.216521e-02,-6.198573e-03,-3.884016e-02,-1.772165e-04,-3.245986e+00,-3.055194e-02,2.393576e+02,1.338588e-02,8.865573e-03,1.084562e-01,-2.793909e+01,-1.848342e-03,-5.382007e-04,-3.806511e-03
74,0.740000,3.759581e-01,-2.460965e+01,1.347814e+00,3.053337e+00,-2.385622e+01,-3.216875e+01,-4.218916e+00,-7.285639e+00,-1.140290e+01,-2.499028e+01,1.030689e+00,2.679127e+00,4.394463e-01,-9.347319e+00,-1.276511e+01,-1.757168e+01,-1.919262e+00,-2.264654e-01,-9.897882e-01,-1.159868e+00,-3.926539e+00,-3.092917e+00,-2.427786e+00,-1.786306e+00,2.919899e-01,4.330530e-01,6.739653e-01,8.461887e-01,1.418094e+00,1.618845e+00,1.951107e+00,2.626527e+00,2.477785e+02,7.283056e-01,-4.981008e-02,-3.506047e+00,-2.336623e+00,3.139871e+00,3.538708e+00,4.618546e+00,-4.713694e-01,9.325898e-02,5.372254e+00,-2.531741e+00,-5.064510e+00,-8.793079e-01,-1.225279e+00,-7.789281e-01,1.711835e+00,-2.135970e+00,-4.058284e-01,-9.689534e-01,-8.199865e-01,-9.251838e-01,-5.467237e-01,-3.886550e-01,-4.215407e-01,-1.728028e-01,-1.449753e-02,1.003342e-02,-3.512269e-03,5.035315e-02,3.331505e-02,-1.007204e-02,-6.806324e-02,-4.227071e-02,-3.180150e+00,-1.881741e-02,1.574368e+02,7.892751e-03,6.228559e-03,6.258246e-02,-2.761955e+01,1.242692e-03,6.919109e-03,-6.951187e-03
75,0.750000,3.633916e-01,-2.935310e+01,-2.153879e+00,7.412457e+00,-2.040009e+01,-2.668066e+01,-3.398749e+00,-7.019521e+00,-6.445838e+00,-2.622540e+01,-5.910056e+00,1.582802e+00,8.417509e-01,-1.074426e+01,-8.462860e+00,-1.998849e+01,-2.625171e+00,-1.496322e+00,-2.038905e+00,-2.354938e+00,-4.690144e+00,-3.729759e+00,-2.874845e+00,-1.997742e+00,2.790868e-01,4.452131e-01,6.783395e-01,8.964858e-01,1.443781e+00,1.580524e+00,1.861264e+00,2.610472e+00,2.445499e+02,7.246861e-01,-7.241363e-02,-3.285280e+00,-2.680402e+00,2.926143e+00,3.043851e+00,4.354073e+00,8.659477e-01,1.781878e+00,6.831079e+00,-9.013046e-01,-3.994483e+00,-2.054586e+00,-4.298031e-01,-2.620832e+00,2.695477e+00,-5.819847e-01,-5.277308e-01,-1.052647e+00,-7.062973e-01,-8.841392e-01,-5.070050e-01,-3.665574e-01,-3.348410e-01,-9.898436e-02,-1.174426e-02,2.089969e-02,-2.487719e-03,7.400144e-02,2.891794e-02,-5.830062e-03,-2.586227e-02,-4.492579e-02,-3.281876e+00,-7.056594e-04,1.527410e+02,2.734669e-03,5.246851e-03,7.004607e-02,-3.587051e+00,4.500323e-03,1.139750e-02,-1.088360e-03
76,0.760000,2.363979e-01,-3.225493e+01,-5.600660e+00,1.047765e+01,-1.654505e+01,-2.163878e+01,-8.487778e-01,-1.362446e+00,4.538773e+00,-2.641056e+01,-1.015897e+01,-3.554306e+00,-2.029181e+00,-1.679415e+01,-6.845230e+00,-2.157607e+01,-3.144831e+00,-2.853181e+00,-2.634262e+00,-3.221016e+00,-5.141872e+00,-3.895439e+00,-3.069246e+00,-1.964074e+00,2.627099e-01,4.849121e-01,6.654622e-01,1.015137e+00,1.492719e+00,1.596493e+00,1.869184e+00,2.481898e+00,2.413215e+02,7.306034e-01,-5.581991e-02,-1.978536e+00,-1.807883e+00,1.632352e+00,1.679680e+00,2.742963e+00,1.759719e+00,2.693024e+00,5.766459e+00,6.425743e-02,-1.250594e+00,-2.209618e+00,7.222577e-01,-2.427479e+00,2.292196e+00,1.630192e+00,-4.145946e-01,-7.421277e-01,-3.658195e-01,-5.112246e-01,-2.990454e-01,-2.261924e-01,-1.945972e-01,-1.958067e-02,-6.652179e-03,1.930181e-02,-4.327136e-03,5.853171e-02,6.200635e-03,-1.228173e-02,-1.644875e-02,-4.000390e-02,-3.379651e+00,1.700375e-02,1.495134e+02,2.323602e-02,4.360257e-02,5.520846e-02,2.096392e+01,7.264243e-03,1.328269e-02,1.965034e-02
77,0.770000,2.073506e-01,-3.357310e+01,-7.026762e+00,1.101129e+01,-1.610731e+01,-2.055905e+01,1.393304e+00,1.929446e-01,9.448543e+00,-2.511431e+01,-6.904458e+00,-3.755287e+00,1.360492e+00,-1.869872e+01,-3.520931e+00,-1.472761e+01,-3.633068e+00,-3.288544e+00,-2.855502e+00,-3.582083e+00,-5.296886e+00,-4.106061e+00,-3.208059e+00,-1.891385e+00,2.598898e-01,4.954371e-01,6.711444e-01,1.072209e+00,1.453158e+00,1.568068e+00,1.877014e+00,2.484369e+00,2.373371e+02,7.668594e-01,-5.135257e-02,-2.234821e-01,2.070704e-02,-2.969493e-01,2.263346e-01,8.811102e-01,1.684872e+00,1.572535e+00,1.137835e+00,-4.098110e-02,1.280787e+00,-6.068099e-01,2.855759e+00,1.007544e-01,1.674414e+00,2.528206e+00,-1.320591e-01,-1.242297e-01,4.073892e-02,3.365600e-02,-2.102995e-03,-6.179986e-02,-5.739190e-02,-2.491915e-02,8.932650e-05,1.213437e-02,-2.493250e-03,1.490096e-02,-4.601896e-03,-5.102349e-03,1.255823e-02,3.286266e-03,-3.163759e+00,2.372864e-02,2.253840e+02,2.821586e-02,4.716605e-02,1.067014e-01,2.212082e+01,4.784651e-03,3.053559e-03,3.012546e-02
78,0.780000,1.748790e-01,-3.239233e+01,-5.255159e+00,9.415684e+00,-1.760422e+01,-2.151474e+01,2.183654e+00,2.573251e+00,9.482208e+00,-2.522453e+01,-4.725081e+00,-5.699918e+00,3.791364e+00,-1.750748e+01,-3.775096e+00,-1.205116e+01,-3.488286e+00,-3.040993e+00,-2.410588e+00,-3.102419e+00,-5.118395e+00,-4.035728e+00,-3.234164e+00,-1.937388e+00,2.683275e-01,5.044500e-01,6.559271e-01,1.050986e+00,1.444408e+00,1.563664e+00,1.860989e+00,2.489558e+00,2.344866e+02,7.922378e-01,2.559447e-03,1.286048e+00,1.735648e+00,-1.826068e+00,-1.221273e+00,-2.534531e-01,1.586791e+00,9.757018e-02,-5.629193e+00,-1.317552e+00,2.250073e+00,1.132179e+00,5.302797e+00,4.026117e+00,1.341739e+00,1.466001e+00,2.139218e-01,4.766769e-01,3.830505e-01,5.777515e-01,2.459008e-01,6.843154e-02,7.169132e-02,-8.234154e-02,3.578454e-03,4.398763e-03,-2.661347e-04,-4.570937e-02,-8.222127e-03,6.837583e-03,4.054673e-02,4.696620e-02,-2.858765e+00,2.376970e-02,2.259349e+02,3.147337e-02,5.168239e-02,1.425065e-01,1.448080e+01,-1.247286e-03,-7.560813e-03,3.169489e-02
79,0.790000,1.373882e-01,-3.040181e+01,-2.223094e+00,6.458694e+00,-1.873884e+01,-2.233713e+01,3.509395e+00,-1.124694e+00,-3.228381e+00,-2.702332e+01,-2.223065e+00,-3.784413e-01,1.221027e+01,-9.883824e+00,-1.625858e+00,-1.210991e+01,-3.113740e+00,-2.023565e+00,-1.947048e+00,-2.245957e+00,-4.712397e+00,-3.968614e+00,-3.079346e+00,-2.135681e+00,2.767246e-01,4.961160e-01,6.706408e-01,9.530663e-01,1.444927e+00,1.571426e+00,1.928153e+00,2.623073e+00,2.321485e+02,8.125121e-01,2.364721e-02,2.348734e+00,2.343960e+00,-2.906311e+00,-1.758970e+00,-5.788183e-01,1.726218e+00,-7.183558e-01,-9.849730e+00,-2.515142e+00,2.191633e+00,1.370621e+00,5.063571e+00,5.717350e+00,7.234963e-01,-4.190968e-01,4.686368e-01,7.507828e-01,5.869783e-01,9.053578e-01,4.569660e-01,2.454850e-01,2.273535e-01,-7.313696e-02,3.557476e-03,4.607195e-03,6.653547e-04,-7.480337e-02,5.041015e-03,2.519749e-02,6.358454e-02,4.948406e-02,-2.575246e+00,1.781632e-02,2.251344e+02,2.253925e-02,1.647474e-02,1.770243e-01,-1.724709e+00,-2.869484e-03,-9.038849e-03,8.291326e-03
80,0.800000,2.841763e-01,-2.741033e+01,6.757476e-01,3.623609e+00,-2.133565e+01,-2.201701e+01,6.027134e+00,-2.157754e-01,-1.726873e+01,-3.204382e+01,-1.249305e+00,4.181636e-01,1.905991e+01,-1.071016e+00,-1.084073e+00,-1.555491e+01,-2.334887e+00,-1.102286e+00,-1.173237e+00,-1.000321e+00,-4.204612e+00,-3.622005e+00,-2.775146e+00,-2.253634e+00,2.721848e-01,5.065665e-01,6.643834e-01,8.461617e-01,1.455724e+00,1.629001e+00,2.046348e+00,2.647377e+00,2.296220e+02,8.266255e-01,2.814556e-02,2.693648e+00,1.690481e+00,-3.376987e+00,-2.532457e+00,-4.686230e-01,2.008860e+00,-1.423240e+00,-9.995939e+00,-2.852668e+00,2.694064e+00,-2.901782e-02,1.865192e+00,3.808876e+00,-1.332738e-01,-2.663765e-02,4.677191e-01,6.502336e-01,5.929599e-01,9.540133e-01,6.090056e-01,3.390794e-01,3.123807e-01,4.769998e-02,6.501100e-03,1.262410e-02,5.588794e-03,-6.572600e-02,3.251219e-03,2.829804e-02,7.958524e-02,4.088979e-02,-2.579829e+00,1.209657e-02,2.220423e+02,1.983790e-02,2.114416e-02,1.785214e-01,-2.593582e+00,-4.881968e-03,-8.368040e-03,-1.941998e-02
81,0.810000,2.709379e-01,-2.432043e+01,1.727587e+00,-6.242293e-01,-2.303644e+01,-2.320201e+01,8.102653e+00,-2.004321e+00,-2.642464e+01,-3.428038e+01,2.315821e+00,3.877608e-02,1.904407e+01,1.669792e+00,-1.248962e+00,-1.507122e+01,-1.866584e+00,-5.039834e-01,-5.392860e-01,-1.063425e-01,-3.468947e+00,-3.085498e+00,-2.300801e+00,-2.098947e+00,2.757486e-01,5.174149e-01,6.702431e-01,8.006043e-01,1.472705e+00,1.661387e+00,2.102257e+00,2.652880e+00,2.268932e+02,8.387471e-01,2.427731e-02,2.478516e+00,6.298789e-01,-3.255352e+00,-2.999661e+00,8.200073e-02,2.200646e+00,-1.575824e+00,-6.523400e+00,-1.467464e+00,3.244915e+00,-1.973571e+00,-3.297012e+00,-1.315083e+00,-1.034860e+00,1.376623e+00,2.996633e-01,3.005924e-01,4.457859e-01,8.209170e-01,6.907865e-01,3.215055e-01,2.926197e-01,1.764344e-01,1.519294e-02,2.842451e-02,1.178728e-02,-2.027160e-02,4.061520e-03,3.134495e-02,6.463385e-02,1.633444e-02,-2.637819e+00,5.189514e-03,2.187068e+02,1.968618e-02,1.724092e-02,1.301505e-01,-2.811775e+00,-2.391246e-03,-2.811582e-03,-4.092075e-02
82,0.820000,2.488319e-01,-2.196478e+01,1.221905e+00,-3.927790e+00,-2.811770e+01,-2.342542e+01,9.931327e+00,-4.103138e+00,-2.889936e+01,-3.585934e+01,6.475794e+00,-6.053616e+00,9.700425e+00,-4.239914e+00,-4.629913e+00,-1.070369e+01,-1.773268e+00,-5.496159e-01,-1.496694e-01,5.978407e-01,-2.695092e+00,-2.781889e+00,-2.061533e+00,-1.717255e+00,3.013210e-01,5.569211e-01,6.840699e-01,7.985865e-01,1.446775e+00,1.660174e+00,2.171863e+00,2.679104e+00,2.242151e+02,8.396031e-01,3.952592e-02,1.671619e+00,-7.021315e-02,-2.693492e+00,-2.624908e+00,1.115701e+00,1.897376e+00,-2.738946e+00,-2.837611e+00,5.983032e-01,4.487544e+00,-1.676829e+00,-6.815075e+00,-5.323494e+00,-1.453890e+00,2.747703e+00,4.741766e-02,6.034046e-03,1.634936e-01,5.641865e-01,6.695773e-01,1.724940e-01,1.414711e-01,2.066159e-01,2.375260e-02,3.741927e-02,2.167403e-02,2.009153e-02,-6.162405e-04,2.442081e-02,4.682202e-02,1.363268e-02,-2.596913e+00,-1.438546e-03,2.161808e+02,8.490062e-03,9.459092e-03,6.884350e-02,-2.474184e+00,-1.532419e-03,-2.654870e-03,-3.739201e-02
83,0.830000,2.764469e-01,-2.073201e+01,6.532212e-01,-6.042366e+00,-3.034612e+01,-2.122292e+01,1.256053e+01,-7.060132e+00,-3.003007e+01,-3.245287e+01,1.013896e+01,-7.010404e+00,4.049598e-01,-1.487479e+01,-5.027236e+00,-7.652403e+00,-1.896232e+00,-7.969377e-01,-2.299024e-01,1.059547e+00,-2.013224e+00,-2.781144e+00,-1.973054e+00,-1.521699e+00,3.381212e-01,6.130612e-01,7.197339e-01,8.754959e-01,1.469709e+00,1.712565e+00,2.188565e+00,2.688882e+00,2.216629e+02,8.319709e-01,8.936638e-02,6.603826e-01,-1.102680e-01,-1.518654e+00,-1.382249e+00,2.634633e+00,1.177744e+00,-3.203423e+00,1.693014e-01,2.805680e+00,4.564132e+00,-2.709143e-01,-6.608305e+00,-5.095965e+00,-3.483789e-01,2.788456e+00,-1.062312e-01,-1.486404e-01,-9.219082e-02,2.522187e-01,5.268999e-01,-1.739912e-02,-6.306734e-02,1.154560e-01,2.223493e-02,3.241550e-02,2.723802e-02,3.814853e-02,-6.092417e-03,1.811055e-02,2.942724e-02,1.197453e-02,-2.471823e+00,-9.469288e-03,2.140062e+02,1.625694e-02,8.259363e-03,2.725956e-02,-2.096536e+00,-6.280713e-04,-5.112513e-04,-1.398714e-02
84,0.840000,4.790514e-01,-2.084645e+01,8.618646e-01,-7.134784e+00,-3.080535e+01,-1.742805e+01,1.328508e+01,-1.138260e+01,-2.965407e+01,-2.996606e+01,1.727685e+01,-4.441391e+00,-5.695906e+00,-1.941620e+01,-6.464386e+00,-5.525803e+00,-2.082974e+00,-9.256389e-01,-5.104607e-01,1.237666e+00,-1.584587e+00,-2.911712e+00,-2.231664e+00,-1.509179e+00,3.597614e-01,6.458396e-01,7.480081e-01,9.091735e-01,1.454141e+00,1.725517e+00,2.237304e+00,2.697540e+00,2.192526e+02,8.228209e-01,8.938953e-02,-2.211475e-01,-1.087428e-01,-2.288236e-01,3.887699e-01,3.443043e+00,-1.218708e-01,-4.467443e+00,2.312096e+00,4.460731e+00,4.335452e+00,1.090524e+00,-4.926535e+00,-1.003443e+00,1.280598e+00,2.154957e+00,-1.616844e-01,-1.493096e-01,-2.753214e-01,-1.107141e-01,3.586651e-01,-1.365879e-01,-2.067098e-01,5.739024e-02,8.378145e-03,1.282417e-02,2.977989e-02,2.969048e-02,-1.322141e-02,9.787798e-03,9.862065e-03,5.753255e-03,-2.330539e+00,-1.758457e-02,2.120217e+02,1.389042e-02,1.236059e-02,4.300688e-02,-1.906702e+00,-8.574581e-04,9.179693e-05,6.477959e-03
85,0.850000,6.026601e-01,-2.157768e+01,1.356267e+00,-6.614001e+00,-2.860386e+01,-1.302753e+01,1.231450e+01,-1.438170e+01,-2.520077e+01,-2.319862e+01,1.973595e+01,-2.121908e+00,-6.299284e+00,-1.622189e+01,-2.073620e+00,-3.717879e+00,-2.242887e+00,-1.059174e+00,-8.198444e-01,8.348384e-01,-1.389700e+00,-3.107582e+00,-2.531072e+00,-1.625705e+00,3.577030e-01,6.350331e-01,7.744641e-01,9.360535e-01,1.438560e+00,1.719268e+00,2.216672e+00,2.703535e+00,2.170153e+02,7.997918e-01,3.558691e-02,-8.133070e-01,-5.097302e-01,1.339608e+00,1.732415e+00,3.556595e+00,-1.684888e+00,-5.175581e+00,3.646642e+00,4.969803e+00,2.642950e+00,-5.417136e-01,-3.542908e+00,2.929551e+00,2.546730e+00,1.278424e+00,-1.393042e-01,-1.601127e-01,-3.825035e-01,-4.767355e-01,1.700432e-01,-1.843721e-01,-2.488183e-01,6.850386e-02,-9.861633e-03,-1.713471e-02,3.082195e-02,1.185386e-02,-2.421086e-02,-1.261648e-02,-1.003549e-02,1.463127e-03,-2.068691e+00,-7.256474e-02,2.103037e+02,1.384564e-02,1.323391e-02,7.313314e-02,-1.546930e+01,-3.165757e-03,-1.601556e-03,9.001538e-03
86,0.860000,5.326729e-01,-2.264768e+01,3.266684e-01,-4.786090e+00,-2.704498e+01,-1.030789e+01,9.444989e+00,-2.277957e+01,-1.975353e+01,-1.818282e+01,2.335456e+01,-3.045245e+00,-1.158013e+01,-8.583581e+00,2.962704e-01,-1.896169e+00,-2.408363e+00,-1.165046e+00,-1.231305e+00,1.566247e-01,-1.213529e+00,-3.301610e+00,-2.816073e+00,-1.378301e+00,3.334209e-01,6.100560e-01,8.056043e-01,9.167601e-01,1.396243e+00,1.705761e+00,2.207119e+00,2.700543e+00,2.148862e+02,7.677698e-01,-4.245184e-02,-1.278367e+00,-1.296823e+00,2.643161e+00,2.274849e+00,3.077796e+00,-2.692321e+00,-3.333318e+00,4.247219e+00,4.354728e+00,-3.103220e-01,-2.793202e+00,-2.674847e+00,4.108715e+00,2.689407e+00,-6.913500e-02,-1.584448e-01,-2.797990e-01,-4.339170e-01,-7.288028e-01,-7.821088e-02,-1.864157e-01,-2.125146e-01,7.343964e-02,-2.126853e-02,-3.274269e-02,2.162712e-02,5.704767e-03,-3.649838e-02,-2.674239e-02,-5.634570e-02,-6.261845e-02,-1.643390e+00,-1.466129e-01,2.084985e+02,5.408420e-03,7.430801e-03,7.829650e-02,-3.583281e+01,-3.374104e-03,-3.277849e-03,-7.138560e-03
87,0.870000,4.275707e-01,-2.389793e+01,-1.627831e+00,-5.186726e-01,-2.356423e+01,-7.000020e+00,6.056131e+00,-2.723956e+01,-1.674713e+01,-1.349548e+01,2.031485e+01,-1.041704e+01,-1.436747e+01,-5.643343e+00,4.326087e+00,-3.075102e+00,-2.430059e+00,-1.477798e+00,-1.781998e+00,-7.836099e-01,-1.348538e+00,-3.508056e+00,-2.924941e+00,-1.244619e+00,3.019833e-01,5.452794e-01,8.450456e-01,9.309719e-01,1.377604e+00,1.659360e+00,2.153480e+00,2.694695e+00,2.135026e+02,4.966727e-01,-9.042557e-02,-1.816472e+00,-2.224418e+00,3.320099e+00,2.324967e+00,2.252738e+00,-3.434653e+00,4.670935e-01,4.960891e+00,2.998968e+00,-3.128137e+00,-3.420329e+00,-1.049073e+00,1.889378e+00,8.269216e-01,-1.764419e+00,-2.885922e-01,-4.390849e-01,-4.639238e-01,-8.886455e-01,-4.104471e-01,-1.613279e-01,-1.656428e-01,1.576538e-02,-1.642617e-02,-3.922384e-02,8.612847e-03,1.153513e-02,-3.753482e-02,-4.724058e-02,-9.841979e-02,-9.912944e-02,-1.054089e+00,-1.680897e-01,1.384213e+02,4.669152e-03,2.716480e-03,5.462244e-02,-5.603071e+01,-3.149156e-03,-3.266857e-03,-2.079934e-02
88,0.880000,3.543369e-01,-2.607817e+01,-4.130201e+00,3.033357e+00,-2.195092e+01,-5.052821e+00,2.952656e+00,-2.162026e+01,-1.264480e+01,-1.304399e+01,1.543579e+01,-1.425983e+01,-1.503605e+01,-4.161898e+00,3.782796e+00,-6.192866e+00,-2.781612e+00,-2.115322e+00,-2.198969e+00,-1.597124e+00,-1.996223e+00,-3.643553e+00,-3.097303e+00,-1.332524e+00,2.812786e-01,5.270030e-01,8.208529e-01,9.402382e-01,1.302127e+00,1.621759e+00,1.987172e+00,2.388867e+00,2.127920e+02,2.413158e-01,-8.756863e-02,-2.359656e+00,-2.790087e+00,3.353302e+00,2.184244e+00,1.367706e+00,-3.271695e+00,6.413499e+00,6.718486e+00,1.801400e+00,-5.332620e+00,-1.788805e+00,2.305384e+00,-7.157532e-01,-1.113456e+00,-2.768879e+00,-4.773856e-01,-6.322740e-01,-4.492117e-01,-9.379781e-01,-7.405128e-01,-1.299039e-01,-1.470679e-01,-1.044417e-01,-7.875934e-03,-2.723340e-02,-1.045691e-02,3.316227e-02,-2.672300e-02,-5.044074e-02,-1.357707e-01,-1.106107e-01,-4.898987e-01,-9.358905e-02,6.879881e+01,1.608145e-03,1.230063e-03,1.656943e-02,-5.554184e+01,-1.548599e-03,-1.757808e-03,-2.112154e-02
89,0.890000,2.397003e-01,-2.894480e+01,-7.537388e+00,6.076771e+00,-1.952605e+01,-4.391379e+00,-1.612600e+00,-1.262589e+01,-3.950680e+00,-1.077320e+01,8.054657e+00,-1.361626e+01,-9.816686e+00,-8.985844e+00,3.177253e-01,-1.039162e+01,-3.499224e+00,-2.779460e+00,-2.655632e+00,-2.731515e+00,-3.050589e+00,-3.743250e+00,-3.218671e+00,-1.569767e+00,3.016433e-01,4.804404e-01,8.099040e-01,9.819902e-01,1.297944e+00,1.525067e+00,1.834547e+00,2.363726e+00,2.127920e+02,2.225702e-01,-7.206517e-02,-2.608854e+00,-2.994589e+00,2.372364e+00,1.311777e+00,-7.172343e-01,-2.592326e+00,9.485483e+00,8.042285e+00,1.036431e+00,-5.122201e+00,1.092333e+00,5.167907e+00,-1.886944e+00,-1.786622e+00,-1.907077e+00,-6.810549e-01,-6.659588e-01,-3.530932e-01,-8.140674e-01,-8.922482e-01,-1.010863e-01,-1.088867e-01,-1.540597e-01,8.654225e-03,-7.766271e-03,-2.550730e-02,4.027350e-02,4.618347e-03,-3.030962e-02,-1.181334e-01,-6.226921e-02,-1.421265e-01,5.142236e-02,0,0,0,0,-3.456414e+01,-1.094645e-03,-6.663023e-04,-1.258143e-02
90,0.900000,1.887650e-01,-3.192252e+01,-1.066899e+01,8.682700e+00,-1.814284e+01,-4.773687e+00,-3.079122e+00,1.981093e+00,7.440677e+00,-1.053696e+01,2.821553e+00,-1.038966e+01,-2.328598e+00,-1.049110e+01,-3.266829e+00,-1.208230e+01,-4.260708e+00,-3.675584e+00,-3.040546e+00,-3.559314e+00,-4.065067e+00,-3.833533e+00,-3.404548e+00,-1.737935e+00,2.942112e-01,5.063085e-01,7.708905e-01,1.057062e+00,1.302458e+00,1.520704e+00,1.687733e+00,2.312974e+00,2.127920e+02,4.368758e-01,-4.817083e-02,-2.286721e+00,-2.499901e+00,1.242113e+00,9.151184e-01,-2.239075e+00,-1.568151e+00,9.390795e+00,7.188428e+00,2.368403e-01,-3.894123e+00,1.549865e+00,6.440221e+00,-2.035446e+00,-1.064160e+00,2.668279e-01,-6.613816e-01,-5.746220e-01,-2.434541e-01,-5.815259e-01,-7.732475e-01,-6.516393e-02,-4.714377e-02,-1.478705e-01,1.614190e-02,4.736048e-03,-2.737948e-02,4.452299e-02,3.174896e-02,-6.404149e-03,-6.618595e-02,4.156160e-03,0,8.176711e-02,0,0,0,0,-1.375976e+01,-3.216290e-04,-2.460127e-04,-3.313886e-03
91,0.910000,1.500308e-01,-3.402002e+01,-1.333139e+01,8.518475e+00,-1.890938e+01,-1.072576e+01,-3.889609e+00,8.387179e+00,1.342156e+01,-9.566838e+00,1.010966e+00,-6.890463e+00,5.118340e+00,-1.191346e+01,-1.082210e+00,-9.665770e+00,-5.095786e+00,-4.027461e+00,-3.126675e+00,-3.872852e+00,-4.775356e+00,-3.918498e+00,-3.315752e+00,-1.812211e+00,3.387882e-01,5.167953e-01,7.424903e-01,1.073927e+00,1.400530e+00,1.558339e+00,1.712532e+00,2.421296e+00,2.127920e+02,6.560045e-01,-2.483427e-02,-1.401626e+00,-1.516091e+00,-1.318423e-01,-1.852697e-01,-2.700845e+00,4.850581e-02,6.342742e+00,4.666972e+00,7.221012e-02,-2.069602e+00,1.143778e+00,4.512750e+00,-9.646702e-01,-1.040416e-01,1.701908e+00,-4.909377e-01,-3.429838e-01,-6.293468e-02,-2.213839e-01,-4.416263e-01,-4.611867e-02,6.399536e-03,-8.644447e-02,2.346665e-02,1.199703e-02,-2.359042e-02,2.718408e-02,3.130386e-02,1.685334e-02,-1.640508e-02,1.164889e-02,2.270538e-01,4.795162e-02,0,0,0,0,1.509435e+01,0,0,0
92,0.920000,1.583175e-01,-3.497416e+01,-1.373271e+01,8.023068e+00,-1.768366e+01,-1.308101e+01,-3.749593e+00,1.482718e+01,1.461122e+01,-1.246297e+01,-5.129806e-01,-9.873408e+00,9.697537e+00,-1.287532e+01,-8.380377e-01,-5.221653e+00,-5.290239e+00,-4.364431e+00,-3.180717e+00,-3.934085e+00,-5.000077e+00,-3.881749e+00,-3.284481e+00,-1.950654e+00,3.434157e-01,5.325058e-01,7.176624e-01,1.116885e+00,1.409579e+00,1.573102e+00,1.717250e+00,2.380863e+00,2.127920e+02,4.334343e-01,-1.562827e-02,-4.115219e-01,-6.247252e-01,-9.125488e-01,-5.403422e-01,-1.271185e+00,1.100606e+00,1.782651e+00,1.963003e+00,7.156236e-01,-4.612801e-01,1.057485e+00,1.398667e+00,-1.622361e+00,1.852190e-01,1.574539e+00,-2.469479e-01,-9.695635e-02,1.625614e-02,1.317277e-02,-8.197713e-02,-1.518650e-02,5.564015e-02,-1.706637e-02,2.500874e-02,6.958830e-03,-4.186565e-03,1.594958e-02,2.005181e-02,9.919751e-03,2.459345e-02,4.454088e-02,7.243606e-01,-3.881407e-03,0,0,0,0,3.768163e+01,0,0,0
93,0.930000,1.307527e-01,-3.442711e+01,-1.358598e+01,5.747375e+00,-2.068199e+01,-1.374195e+01,-1.034836e+00,1.266478e+01,1.579891e+01,-9.449142e+00,-6.260885e-01,-8.155498e+00,6.733995e+00,-1.261708e+01,-1.416878e+00,-5.312407e+00,-5.439147e+00,-4.149956e+00,-2.900220e+00,-3.651049e+00,-4.791215e+00,-3.949735e+00,-3.246707e+00,-1.895630e+00,3.943743e-01,5.273269e-01,7.185660e-01,1.087999e+00,1.400902e+00,1.583135e+00,1.737763e+00,2.388026e+00,2.139272e+02,4.640491e-01,-5.302628e-03,7.237175e-01,6.011511e-01,-1.431932e+00,-4.895159e-01,1.405078e+00,1.352352e+00,-3.924393e+00,-8.061622e-01,2.560594e+00,1.305570e+00,1.264080e-01,-2.226363e+00,-7.475601e-01,-3.847899e-01,-1.066599e+00,1.115169e-01,1.832726e-01,7.570956e-02,2.281587e-01,3.782170e-01,9.810353e-03,5.140004e-02,2.762669e-02,8.547222e-03,3.231114e-03,1.534355e-02,-1.476693e-03,-1.814710e-02,-5.588436e-03,9.547425e-03,4.013968e-03,1.403842e+00,3.575523e-02,7.547176e+01,0,0,0,6.018681e+01,3.484996e-03,0,4.550771e-02
94,0.940000,1.202627e-01,-3.377658e+01,-1.366531e+01,5.505506e+00,-1.995825e+01,-9.621517e+00,9.965210e-01,8.755548e+00,1.606701e+01,-7.017686e+00,1.333680e+00,-4.469725e+00,3.856907e+00,-1.825109e+01,-2.173399e+00,-6.386287e+00,-5.323767e+00,-4.099118e+00,-3.072493e+00,-3.604351e+00,-4.467023e+00,-3.893847e+00,-3.160870e+00,-1.781558e+00,3.914619e-01,5.358369e-01,7.619198e-01,1.129774e+00,1.402531e+00,1.557905e+00,1.798085e+00,2.552314e+00,2.158461e+02,5.134465e-01,-1.204499e-02,2.023538e+00,2.008100e+00,-2.599506e+00,-6.651813e-01,2.838518e+00,4.969955e-01,-1.011763e+01,-3.619745e+00,5.024064e+00,2.766874e+00,-1.523063e+00,-4.313660e+00,9.418858e-01,-6.197452e-01,-2.534614e+00,4.544562e-01,5.558904e-01,2.424826e-01,5.180166e-01,8.912131e-01,9.928165e-02,8.221631e-02,6.434786e-02,-6.438908e-03,-4.834306e-03,3.337003e-02,-2.026632e-02,-4.673483e-02,-1.605142e-02,7.395899e-03,-1.193345e-02,1.865474e+00,1.140857e-01,1.506722e+02,0,0,0,5.999488e+01,5.550478e-03,1.820228e-03,8.827922e-02
95,0.950000,1.425451e-01,-3.100022e+01,-1.035933e+01,2.617596e+00,-2.021967e+01,-5.430112e+00,4.990929e-01,-8.198967e+00,8.662850e+00,5.134910e-01,6.615484e+00,-8.960265e+00,-3.093158e+00,-1.296338e+01,-2.338479e+00,-1.441645e+01,-4.521437e+00,-3.243754e+00,-2.802239e+00,-2.896925e+00,-3.150798e+00,-3.863397e+00,-3.120558e+00,-1.758626e+00,3.575012e-01,5.312853e-01,7.970793e-01,1.060099e+00,1.313319e+00,1.537995e+00,1.719852e+00,2.355640e+00,2.182841e+02,7.947745e-01,-1.496762e-02,3.475524e+00,3.487007e+00,-4.602978e+00,-5.693190e-01,3.349328e+00,-1.046071e+00,-1.333891e+01,-5.263314e+00,5.574228e+00,2.731423e+00,-5.077951e+00,-4.887873e+00,3.915075e+00,-1.703523e+00,-2.333154e+00,7.972844e-01,8.802878e-01,5.264457e-01,8.515108e-01,1.395645e+00,3.155762e-01,1.240339e-01,9.738231e-02,-1.697052e-02,-1.720870e-03,4.704624e-02,-2.458992e-02,-5.680013e-02,-9.356260e-04,3.255184e-02,-2.326252e-02,1.852876e+00,1.114501e-01,2.255979e+02,1.742498e-02,0,2.275385e-01,3.728040e+01,5.787143e-03,3.104994e-03,1.028723e-01
96,0.960000,9.219638e-02,-2.656992e+01,-5.305537e+00,-3.409572e+00,-2.124073e+01,-3.044336e+00,-2.031580e+00,-2.532912e+01,8.052683e-02,7.676037e+00,9.700603e+00,-1.708634e+01,-6.957186e+00,-7.992740e+00,-3.475963e+00,-1.334271e+01,-3.476813e+00,-2.038080e+00,-2.017295e+00,-1.721064e+00,-1.364220e+00,-3.428510e+00,-2.936474e+00,-1.697417e+00,3.296577e-01,5.063550e-01,8.452559e-01,1.029503e+00,1.219697e+00,1.515415e+00,1.763184e+00,2.337389e+00,2.199409e+02,8.385003e-01,5.892255e-03,4.432592e+00,3.670324e+00,-6.677948e+00,-1.675625e+00,2.199821e+00,-1.570062e+00,-1.119990e+01,-3.817294e+00,4.185999e+00,-9.681268e-02,-6.652457e+00,-4.111525e+00,5.649505e+00,-2.287074e+00,4.371395e-02,8.281948e-01,9.661182e-01,8.834883e-01,1.083718e+00,1.541544e+00,5.809501e-01,2.063247e-01,1.701798e-01,-1.044691e-03,4.435986e-03,4.625580e-02,-2.317017e-02,-4.296532e-02,2.009190e-02,8.311327e-02,1.756370e-02,1.559195e+00,7.687571e-02,2.249114e+02,1.903990e-02,9.101140e-03,3.276268e-01,1.486428e+01,8.491401e-04,3.659084e-03,4.364663e-02
97,0.970000,6.994774e-02,-2.065283e+01,-3.308350e-01,-1.280998e+01,-2.288734e+01,-2.838990e-01,-4.751143e+00,-3.698743e+01,-2.524420e+00,1.107514e+01,8.847565e+00,-2.723694e+01,-1.229832e+01,1.829116e+00,-9.283214e+00,-1.349997e+01,-2.376202e+00,-7.790357e-01,-7.955907e-01,-3.351385e-01,6.356106e-01,-2.604522e+00,-2.738735e+00,-1.450789e+00,3.404237e-01,5.334635e-01,9.121292e-01,1.015185e+00,1.208319e+00,1.599702e+00,1.917972e+00,2.379176e+00,2.211442e+02,8.587728e-01,3.515699e-02,4.235889e+00,2.151610e+00,-7.034157e+00,-2.208518e+00,9.681716e-01,-9.443758e-01,-4.373610e+00,4.909547e-01,2.939612e-01,-4.168551e+00,-4.972766e+00,-1.767274e+00,3.957452e+00,-1.737923e+00,2.993102e+00,5.470195e-01,6.531235e-01,9.930394e-01,9.696969e-01,1.199314e+00,8.070696e-01,2.926478e-01,2.697362e-01,2.462348e-02,1.692058e-02,3.615079e-02,2.107620e-04,-4.897761e-03,2.005255e-02,1.121837e-01,9.169777e-02,1.219917e+00,1.745113e-02,2.247542e+02,1.941576e-02,1.097440e-02,3.505478e-01,2.020966e-01,-4.472448e-03,1.257744e-03,-4.565001e-02
98,0.980000,1.860226e-01,-1.678732e+01,-3.279411e-01,-2.017045e+01,-2.700253e+01,-1.195518e+00,-4.228671e+00,-3.284974e+01,2.574183e+00,8.631487e+00,-2.664239e-01,-2.859367e+01,-1.209813e+01,2.600185e+00,-1.013640e+01,-6.625957e+00,-2.255411e+00,-5.008863e-01,3.416238e-01,5.333436e-01,1.347491e+00,-1.618534e+00,-2.320157e+00,-1.084578e+00,3.947771e-01,5.569277e-01,9.356739e-01,1.036380e+00,1.240204e+00,1.627512e+00,2.114591e+00,2.628364e+00,2.222121e+02,8.658260e-01,6.393313e-02,3.132870e+00,1.648634e-01,-5.679979e+00,-2.235714e+00,2.110162e-01,-1.487882e-02,1.624477e+00,3.792665e+00,-2.406052e+00,-6.436927e+00,-2.458825e+00,5.790925e-01,1.169191e+00,-8.865838e-02,3.722088e+00,1.817096e-01,2.228294e-01,8.490550e-01,6.594466e-01,6.646468e-01,8.243679e-01,3.187012e-01,2.790048e-01,3.893639e-02,1.785852e-02,1.298860e-02,7.813608e-03,5.284882e-03,-1.577204e-02,4.082455e-02,7.553621e-02,1.056177e+00,6.472844e-03,2.254155e+02,3.250309e-03,1.280822e-02,1.567285e-01,5.649521e-01,-4.342253e-03,-1.692558e-03,-7.755964e-02
99,0.990000,2.714169e-01,-1.471207e+01,-2.090076e+00,-2.417275e+01,-2.838135e+01,-1.513663e+00,-3.124241e+00,-2.630671e+01,9.870796e+00,1.505572e+00,-9.243761e+00,-2.807043e+01,-9.359056e+00,1.527419e+00,-7.697876e+00,-2.809311e+00,-2.397041e+00,-7.467337e-01,9.834986e-01,8.243559e-01,1.489914e+00,-7.330372e-01,-1.965477e+00,-7.163642e-01,4.480589e-01,5.906019e-01,9.326243e-01,1.057714e+00,1.278576e+00,1.582210e+00,2.105067e+00,2.668641e+00,2.232481e+02,8.683674e-01,3.455937e-02,1.750740e+00,-9.331802e-01,-3.662384e+00,-1.392005e+00,-9.904046e-02,2.385473e-01,4.194282e+00,4.545280e+00,-2.937539e+00,-6.019280e+00,-1.541220e-01,1.949879e+00,-1.445982e+00,1.519043e+00,2.977818e+00,-6.403005e-02,-6.258064e-02,5.507615e-01,3.346344e-01,2.374169e-01,6.893692e-01,2.785895e-01,1.866363e-01,3.547847e-02,9.540451e-03,-4.582918e-03,1.173681e-02,3.814817e-04,-4.279397e-02,-3.173371e-02,3.253100e-02,9.408371e-01,1.348913e-03,2.263563e+02,2.957537e-03,4.435180e-03,8.473764e-02,5.948197e-01,-2.686296e-03,-2.423799e-03,-6.647853e-02
100,1.000000,3.111275e-01,-1.387594e+01,-3.601599e+00,-2.612808e+01,-2.967229e+01,-1.374373e+00,-2.919425e+00,-2.254710e+01,1.284625e+01,4.305584e-01,-1.343837e+01,-2.896372e+01,-5.531356e+00,-1.995937e+00,-4.711924e+00,-7.759365e-02,-2.557845e+00,-9.400846e-01,1.338436e+00,9.964221e-01,1.531862e+00,-2.424126e-01,-1.729597e+00,-6.696053e-01,4.705221e-01,5.670784e-01,8.999513e-01,1.047307e+00,1.210992e+00,1.445300e+00,1.873760e+00,2.570337e+00,2.241699e+02,8.660672e-01,2.799699e-02,8.612720e-01,-6.187398e-01,-2.126309e+00,2.344086e-01,3.285649e-01,-6.555198e-01,3.310219e+00,3.463288e+00,-1.661801e+00,-3.487180e+00,9.119552e-01,1.786031e+00,-1.985119e+00,1.836876e+00,6.469324e-01,-6.604116e-02,-7.226855e-02,2.581364e-01,1.254239e-01,1.170296e-01,4.988826e-01,1.741522e-01,2.810190e-02,1.925860e-02,3.839362e-03,-7.453579e-03,1.093377e-02,-6.235933e-03,-3.846280e-02,-7.557128e-02,-2.312658e-02,7.939392e-01,-1.429856e-03,2.269351e+02,5.557745e-03,3.907959e-03,7.273370e-02,3.532593e-01,3.811713e-04,-1.999799e-03,-2.434970e-02
101,1.010000,1.801922e-01,-1.335482e+01,-3.359907e+00,-2.814308e+01,-2.851249e+01,-6.896739e-01,-4.213029e+00,-2.116735e+01,1.506594e+01,4.879025e-01,-1.466286e+01,-2.782253e+01,-5.832314e+00,-3.102733e+00,-4.400237e+00,-1.885058e+00,-2.545135e+00,-8.723398e-01,1.459811e+00,1.106494e+00,1.730510e+00,1.542633e-01,-1.641068e+00,-7.250933e-01,4.799436e-01,5.760904e-01,9.070759e-01,1.068406e+00,1.224832e+00,1.476838e+00,1.879719e+00,2.570845e+00,2.248695e+02,8.653967e-01,6.116567e-02,3.466441e-01,-1.082287e-01,-1.084800e+00,1.301785e+00,6.778554e-02,-2.051239e+00,1.964415e+00,2.335699e+00,-1.748176e-01,-1.640268e+00,1.566839e+00,5.243902e-01,-1.947230e+00,1.165008e+00,-1.212136e+00,-1.246886e-02,2.155265e-02,7.413083e-02,-1.435255e-02,7.581536e-02,3.279476e-01,8.916479e-02,-8.149969e-02,4.922521e-03,-1.322615e-03,4.665577e-03,1.714664e-02,2.280951e-04,-7.637071e-03,-2.560589e-02,-5.663109e-03,6.140335e-01,-2.842993e-03,2.269685e+02,4.830563e-03,3.305536e-03,6.015258e-02,7.431183e-02,-4.190820e-04,-4.279320e-04,-7.438309e-03
102,1.020000,3.716199e-01,-1.315959e+01,-2.786725e+00,-2.881683e+01,-2.576493e+01,3.531180e-02,-6.961876e+00,-1.886833e+01,1.729305e+01,8.313190e-01,-1.499277e+01,-2.415784e+01,-4.931353e+00,-5.010332e+00,-2.600839e+00,-3.853422e+00,-2.511570e+00,-7.994260e-01,1.394150e+00,1.019394e+00,1.812341e+00,4.322290e-01,-1.611601e+00,-9.397036e-01,4.751278e-01,5.833803e-01,9.111802e-01,1.085703e+00,1.235896e+00,1.487884e+00,1.849409e+00,2.561630e+00,2.253710e+02,8.601620e-01,1.050752e-01,6.971417e-02,2.047255e-01,-6.431656e-02,2.390041e+00,-4.770809e-01,-2.828771e+00,1.565840e+00,2.660470e+00,2.862427e-01,-6.830336e-01,3.057364e+00,-4.364307e-01,-1.715515e+00,9.627669e-01,-1.760979e+00,2.582715e-02,9.235839e-02,-4.559541e-02,-1.551487e-01,-8.275116e-03,2.203320e-01,4.199058e-02,-9.508429e-02,-4.834208e-03,-4.470283e-03,5.425805e-03,1.994497e-02,1.070496e-02,-3.151727e-03,-1.398950e-02,-3.407152e-02,4.323883e-01,-3.356308e-03,2.268757e+02,4.219652e-03,3.374052e-03,4.727257e-02,-1.125488e-01,-9.919085e-04,-4.679755e-04,2.724915e-03
103,1.030000,5.469990e-01,-1.333703e+01,-3.038657e+00,-2.825238e+01,-2.382611e+01,-1.879578e+00,-1.135921e+01,-1.832402e+01,1.932589e+01,4.311034e-01,-1.666790e+01,-2.263917e+01,-7.037107e+00,-6.701533e+00,-2.928380e+00,-6.982079e+00,-2.482523e+00,-7.092997e-01,1.326296e+00,7.411073e-01,1.728751e+00,5.693799e-01,-1.578651e+00,-9.888135e-01,4.703686e-01,5.758379e-01,9.503377e-01,1.124249e+00,1.267265e+00,1.522733e+00,1.989213e+00,2.644679e+00,2.257177e+02,8.571050e-01,9.366211e-02,-1.824337e-01,-4.639811e-02,8.577749e-01,2.808497e+00,-1.621930e+00,-3.081965e+00,1.670548e+00,2.405512e+00,-2.943504e-02,2.742577e-01,3.868497e+00,-1.219325e+00,-2.284985e+00,7.352335e-01,-1.206394e+00,1.388524e-02,1.147217e-01,-1.285183e-01,-2.666158e-01,-1.524152e-01,1.282772e-01,5.033460e-02,-5.633552e-02,-1.108027e-02,-9.984469e-03,2.630895e-03,2.177016e-02,1.436460e-02,-5.497825e-03,-3.428984e-03,-5.537357e-02,2.632126e-01,-5.045432e-03,2.267576e+02,1.531174e-03,2.562474e-03,6.027665e-02,-2.443222e-01,-8.377926e-04,-3.034846e-04,1.563587e-02
104,1.040000,6.530999e-01,-1.353627e+01,-2.738597e+00,-2.639501e+01,-2.006528e+01,-3.164825e+00,-1.349019e+01,-1.613956e+01,2.401862e+01,1.890171e+00,-1.585102e+01,-1.626858e+01,-7.111113e+00,-8.774110e+00,-6.340173e-01,-6.333977e+00,-2.460015e+00,-5.598127e-01,1.177216e+00,4.033718e-01,1.491366e+00,6.516892e-01,-1.550852e+00,-1.013167e+00,4.511385e-01,5.448533e-01,9.054494e-01,1.119110e+00,1.243301e+00,1.406594e+00,1.749065e+00,2.363062e+00,2.259077e+02,8.534315e-01,3.537545e-02,-3.848727e-01,-2.266718e-01,1.793711e+00,3.201473e+00,-2.410107e+00,-2.049742e+00,1.910049e+00,1.886503e+00,-1.363689e+00,1.775413e+00,5.129579e+00,-1.648255e+00,-3.219910e+00,5.213020e-01,-6.518157e-01,2.115741e-02,1.070856e-01,-2.208929e-01,-3.196480e-01,-2.916389e-01,6.630088e-02,6.063085e-02,1.410303e-02,-1.721079e-02,-1.215438e-02,-1.106534e-02,1.767529e-02,1.815007e-02,-4.961479e-03,-2.500330e-02,-9.535146e-02,9.678650e-02,-6.261498e-03,2.264778e+02,2.247898e-03,1.939613e-03,8.629624e-02,-4.024857e-01,-4.874804e-04,-2.198448e-04,2.070130e-02
105,1.050000,5.077627e-01,-1.407865e+01,-3.615962e+00,-2.506511e+01,-1.731983e+01,-7.199253e+00,-1.635870e+01,-1.417899e+01,2.373072e+01,-1.886988e-01,-1.286245e+01,-1.242467e+01,-1.083906e+01,-1.264577e+01,-1.707480e+00,-6.676752e+00,-2.501486e+00,-4.185381e-01,9.256861e-01,8.142615e-02,1.128921e+00,6.859191e-01,-1.419769e+00,-9.700394e-01,4.365369e-01,5.454316e-01,9.230958e-01,1.160553e+00,1.292953e+00,1.489993e+00,1.912746e+00,2.393261e+00,2.259173e+02,8.435348e-01,-1.734076e-02,-5.233135e-01,-5.179542e-01,2.775236e+00,3.424752e+00,-3.052104e+00,-8.626634e-01,2.292601e+00,3.140465e-01,-3.934118e+00,3.012850e+00,6.181365e+00,-1.847516e+00,-4.359819e+00,9.026510e-01,-3.951723e-01,4.598038e-02,4.790273e-02,-3.204700e-01,-3.488120e-01,-3.962576e-01,5.350190e-02,8.988681e-02,8.020805e-02,-2.097371e-02,-1.067945e-02,-1.911679e-02,1.574316e-02,2.931197e-02,4.511821e-03,-3.557283e-02,-7.821007e-02,-8.285370e-02,-9.294284e-03,2.259458e+02,1.627477e-03,2.505333e-03,1.188201e-01,-6.217788e-01,-1.176366e-04,4.036225e-05,1.395882e-02
106,1.060000,5.681153e-01,-1.471314e+01,-3.631432e+00,-2.144190e+01,-1.301070e+01,-9.355388e+00,-1.471084e+01,-1.139059e+01,2.452315e+01,-5.677224e+00,-8.018432e+00,-3.617201e+00,-1.127165e+01,-1.813776e+01,-6.047787e-01,-7.265164e+00,-2.396302e+00,-4.093789e-01,4.899902e-01,-2.490055e-01,6.540620e-01,7.054637e-01,-1.387888e+00,-8.785756e-01,4.059897e-01,5.378115e-01,8.694745e-01,1.155928e+00,1.313803e+00,1.479446e+00,1.762626e+00,2.210582e+00,2.257552e+02,8.356397e-01,-5.185772e-02,-7.940363e-01,-9.248697e-01,3.890731e+00,3.578095e+00,-3.436890e+00,-1.971471e-01,2.454734e+00,-1.656730e+00,-6.518379e+00,3.190739e+00,5.725277e+00,-1.735456e+00,-4.618903e+00,5.846135e-01,-1.348457e+00,8.506863e-02,-7.219842e-02,-4.278581e-01,-4.058606e-01,-4.836939e-01,1.731797e-02,1.047564e-01,1.226466e-01,-2.365788e-02,-1.145094e-02,-2.687478e-02,1.649066e-02,3.758973e-02,9.915328e-03,-4.372092e-02,-4.446721e-02,-2.963257e-01,-1.069503e-02,2.252691e+02,1.734098e-03,2.303398e-03,1.215073e-01,-9.367493e-01,-1.472447e-04,-6.711196e-05,6.469697e-04
107,1.070000,5.027875e-01,-1.536516e+01,-5.182011e+00,-1.685275e+01,-1.022964e+01,-1.404482e+01,-1.506220e+01,-9.235497e+00,2.064386e+01,-1.545579e+01,-5.519946e+00,1.941963e+00,-1.419442e+01,-2.381880e+01,1.570256e+00,-8.492347e+00,-2.284478e+00,-5.450030e-01,6.755862e-02,-6.767638e-01,1.661152e-01,8.100021e-01,-1.210699e+00,-6.550688e-01,3.880745e-01,5.259615e-01,8.727412e-01,1.184556e+00,1.378574e+00,1.508866e+00,1.804569e+00,2.329869e+00,2.253797e+02,8.195295e-01,-8.571122e-02,-1.155066e+00,-1.250408e+00,5.105927e+00,4.053345e+00,-3.334469e+00,6.724510e-02,2.910653e+00,-3.935371e+00,-7.322835e+00,2.848115e+00,4.070329e+00,-6.458005e-01,-3.648108e+00,4.197971e-01,-2.202616e+00,1.151347e-01,-2.115259e-01,-5.341352e-01,-4.949078e-01,-6.042156e-01,-6.607290e-02,1.322321e-01,1.022268e-01,-2.534182e-02,-1.171031e-02,-3.105837e-02,2.585055e-02,3.642958e-02,-3.287077e-04,-4.744885e-02,-1.070659e-02,-5.450958e-01,-1.137415e-02,2.242530e+02,1.199891e-03,2.582392e-03,1.124652e-01,-1.291403e+00,6.317180e-05,-2.591612e-04,-7.826963e-03
108,1.080000,3.962989e-01,-1.686319e+01,-6.579920e+00,-1.104754e+01,-5.719897e+00,-1.692650e+01,-1.512417e+01,-6.337638e+00,1.727840e+01,-2.306818e+01,-3.568578e+00,5.174484e+00,-1.411071e+01,-2.628211e+01,6.501824e-01,-1.216846e+01,-2.143176e+00,-8.575724e-01,-5.330102e-01,-1.246836e+00,-4.457009e-01,6.762375e-01,-1.131605e+00,-5.574191e-01,3.570803e-01,4.973336e-01,7.962528e-01,1.189562e+00,1.388439e+00,1.446735e+00,1.584549e+00,2.172422e+00,2.246949e+02,8.119590e-01,-9.484407e-02,-1.762096e+00,-1.349508e+00,5.594378e+00,4.274234e+00,-3.099653e+00,-5.458819e-01,3.278728e+00,-6.384689e+00,-6.137841e+00,2.576242e+00,4.466011e-01,5.964637e-01,-1.792884e+00,-1.054782e+00,-2.529051e+00,9.789746e-02,-3.197609e-01,-6.258903e-01,-6.016105e-01,-7.825737e-01,-2.241652e-01,1.339210e-01,-3.500494e-02,-2.662306e-02,-1.227183e-02,-2.322746e-02,4.237135e-02,3.714125e-02,1.192867e-02,3.568220e-03,4.172449e-02,-8.093842e-01,-8.521581e-03,2.226405e+02,1.725467e-03,1.565523e-03,9.270853e-02,-1.602260e+00,5.986232e-04,7.611333e-04,-5.405216e-03
109,1.090000,1.651148e-01,-1.877896e+01,-8.393760e+00,-4.732660e+00,-6.985056e-01,-2.008604e+01,-1.581581e+01,-2.152206e+00,7.676239e+00,-2.810739e+01,-8.468024e-01,3.531126e+00,-1.264853e+01,-2.681414e+01,-2.359753e-01,-1.523818e+01,-2.052375e+00,-1.252071e+00,-1.233490e+00,-1.894197e+00,-1.342276e+00,3.701677e-01,-8.867500e-01,-6.194838e-01,3.342825e-01,5.071189e-01,8.044147e-01,1.272989e+00,1.437783e+00,1.504705e+00,1.764540e+00,2.358808e+00,2.237219e+02,7.985044e-01,-5.814269e-02,-2.126312e+00,-9.857637e-01,5.398821e+00,3.864636e+00,-2.620950e+00,-2.850924e-01,3.096128e+00,-7.387137e+00,-3.332469e+00,2.151455e+00,-3.174529e+00,1.823658e+00,6.450058e-01,-2.309667e+00,-2.099301e+00,6.450927e-02,-3.462561e-01,-6.245885e-01,-6.214709e-01,-9.127948e-01,-3.967834e-01,1.089628e-01,-1.663990e-01,-2.879759e-02,-1.132129e-02,-1.474337e-02,3.757790e-02,3.534144e-02,2.541412e-02,3.191637e-02,6.245003e-02,-1.036957e+00,-5.301738e-03,2.208032e+02,1.947652e-03,1.578465e-03,9.408470e-02,-1.719647e+00,1.785813e-03,2.254366e-03,-2.993973e-03
110,1.100000,2.627313e-01,-2.181672e+01,-8.773099e+00,4.699428e-01,3.594898e+00,-2.183304e+01,-1.706345e+01,1.461405e+00,-9.164860e-01,-3.004062e+01,2.526206e+00,-2.178777e+00,-9.062277e+00,-2.560451e+01,-4.975571e+00,-1.653750e+01,-2.022866e+00,-1.654649e+00,-1.988937e+00,-2.648341e+00,-2.504611e+00,-1.954449e-01,-8.802578e-01,-1.071393e+00,2.997704e-01,4.858736e-01,7.875004e-01,1.323568e+00,1.469904e+00,1.541170e+00,1.800481e+00,2.404735e+00,2.225372e+02,8.035443e-01,-1.013363e-02,-2.146939e+00,-5.358702e-01,4.301703e+00,2.229094e+00,-3.195172e+00,2.356670e-01,2.484177e+00,-6.946729e+00,-8.933369e-01,1.398295e+00,-5.991540e+00,1.320667e+00,2.377388e+00,-2.610175e+00,-8.845908e-01,-7.083559e-03,-2.991449e-01,-4.756450e-01,-5.562601e-01,-9.295740e-01,-4.559869e-01,8.841287e-02,-2.235088e-01,-2.492129e-02,-1.451662e-02,-7.617468e-03,2.202096e-02,3.999162e-02,3.977615e-02,6.860457e-02,8.808494e-02,-1.187833e+00,-5.516761e-03,2.189827e+02,4.353334e-03,6.611028e-03,1.036715e-01,-1.640474e+00,2.359606e-03,3.680028e-03,5.411781e-03
111,1.110000,2.788578e-01,-2.351995e+01,-9.014240e+00,4.382612e+00,4.436142e+00,-2.469629e+01,-1.551802e+01,2.345623e+00,-7.194383e+00,-2.863191e+01,2.189940e+00,-1.025405e+01,-7.600349e+00,-2.093257e+01,-7.165203e+00,-1.680433e+01,-2.022087e+00,-1.877745e+00,-2.327420e+00,-3.083366e+00,-3.368403e+00,-7.380736e-01,-7.915589e-01,-1.230077e+00,2.727415e-01,4.750850e-01,8.034006e-01,1.305443e+00,1.514548e+00,1.588719e+00,1.856185e+00,2.525963e+00,2.212738e+02,7.972282e-01,1.143940e-02,-1.784955e+00,-1.505173e-01,2.804797e+00,4.555527e-01,-3.110856e+00,1.399836e+00,2.421128e+00,-4.523301e+00,1.541958e-02,3.630924e-01,-5.747439e+00,3.530216e-01,2.299802e+00,-2.547370e+00,-1.298667e-01,-6.122534e-02,-2.541787e-01,-2.655681e-01,-3.566799e-01,-7.218234e-01,-4.117862e-01,2.190244e-02,-1.921822e-01,-2.008605e-02,-1.443449e-02,-1.852015e-02,-1.280138e-02,2.807113e-02,2.728742e-02,2.429888e-02,3.817606e-02,-1.392653e+00,-9.391224e-03,2.174836e+02,8.815024e-03,1.133147e-02,9.201386e-02,-2.007129e+00,2.469413e-03,2.555805e-03,1.794346e-03
112,1.120000,2.887592e-01,-2.522739e+01,-8.949031e+00,5.903345e+00,2.858248e+00,-3.059723e+01,-1.409473e+01,3.834331e+00,-1.001993e+01,-2.727261e+01,1.904527e+00,-1.789063e+01,-1.003147e+01,-1.733595e+01,-8.936076e+00,-1.580834e+01,-2.193738e+00,-2.040459e+00,-2.364269e+00,-3.433553e+00,-4.080507e+00,-1.049576e+00,-7.371365e-01,-1.369666e+00,2.632444e-01,4.407675e-01,7.586725e-01,1.283440e+00,1.550014e+00,1.603608e+00,1.881750e+00,2.529269e+00,2.199798e+02,7.850133e-01,-1.475439e-02,-1.505551e+00,8.414383e-02,1.333186e+00,-1.352343e+00,-1.164326e+00,2.945584e+00,2.183422e+00,-1.649680e+00,-7.696961e-01,3.463698e-01,-2.548110e+00,-7.291701e-01,-4.105093e-01,-1.614621e+00,-4.128780e-01,-1.143043e-01,-2.728262e-01,-1.209745e-01,-9.690936e-02,-4.326322e-01,-3.707596e-01,-1.583302e-01,-1.446178e-01,-1.327731e-02,6.471187e-04,-2.673755e-02,-3.473805e-02,9.118581e-03,9.834707e-03,4.323947e-03,2.338481e-03,-1.657637e+00,-1.614607e-02,2.160979e+02,1.008981e-02,1.508916e-02,1.208029e-01,-2.452592e+00,3.222171e-03,1.672152e-03,1.635341e-03
113,1.130000,2.092979e-01,-2.599840e+01,-9.058380e+00,6.574623e+00,1.947583e+00,-3.125823e+01,-1.030099e+01,8.766970e+00,-1.038854e+01,-2.941430e+01,1.279499e+00,-1.735015e+01,-1.039883e+01,-1.944941e+01,-1.099257e+01,-1.625209e+01,-2.273066e+00,-2.330059e+00,-2.373664e+00,-3.284991e+00,-4.163445e+00,-1.261698e+00,-8.487985e-01,-1.431258e+00,2.521153e-01,4.574995e-01,7.262279e-01,1.229046e+00,1.538083e+00,1.609923e+00,1.845400e+00,2.487421e+00,2.180374e+02,7.608138e-01,-1.794781e-02,-1.583451e+00,6.498330e-01,5.308886e-01,-2.448834e+00,2.720507e+00,4.003808e+00,1.478426e+00,1.599721e+00,-1.266017e+00,9.394096e-01,1.368507e+00,-1.087163e+00,-4.125051e+00,-8.068099e-01,-1.520778e+00,-9.218571e-02,-3.146835e-01,-1.070584e-01,7.135577e-02,-1.858620e-01,-4.409451e-01,-4.630652e-01,-1.849610e-01,-1.180938e-02,1.149757e-02,-2.890087e-02,-5.352782e-02,-1.789123e-02,-1.082716e-02,-4.383557e-02,-4.564674e-02,-2.032542e+00,-1.561953e-02,2.122100e+02,1.142648e-02,1.011842e-02,9.449077e-02,-3.157275e+00,5.975488e-03,9.550430e-04,3.815892e-03
114,1.140000,2.237393e-01,-2.810526e+01,-8.330310e+00,6.039865e+00,-1.922539e+00,-2.437370e+01,-4.944047e+00,9.167839e+00,-7.567804e+00,-3.349791e+01,4.713275e+00,-1.137128e+01,-1.130889e+01,-2.839864e+01,-1.113499e+01,-1.887801e+01,-2.468898e+00,-2.792623e+00,-2.570688e+00,-3.032075e+00,-4.270252e+00,-1.787431e+00,-1.643289e+00,-1.693891e+00,2.436970e-01,4.979019e-01,6.923990e-01,1.188076e+00,1.503730e+00,1.579741e+00,1.827493e+00,2.435698e+00,2.158672e+02,7.410212e-01,-2.342670e-02,-1.627302e+00,1.276137e+00,4.108205e-01,-3.366410e+00,6.489969e+00,4.705736e+00,-7.098581e-01,4.101607e+00,-6.065979e-02,6.315238e-01,2.698963e+00,-6.949278e-01,-5.584961e+00,1.914823e-01,-1.976327e+00,-2.880478e-02,-3.195854e-01,-1.295604e-01,1.174777e-01,-4.381423e-02,-6.110039e-01,-7.187437e-01,-2.130622e-01,-1.144306e-02,1.958267e-02,-1.277032e-02,-6.064475e-02,-2.873852e-02,-1.472816e-02,-2.806694e-02,-1.927495e-02,-2.373062e+00,-1.001212e-02,2.093566e+02,1.915846e-02,1.557831e-02,1.106098e-01,-3.394604e+00,6.802167e-03,2.198715e-03,1.712775e-03
115,1.150000,2.216287e-01,-2.999827e+01,-6.074436e+00,6.968794e+00,-5.417634e+00,-1.420552e+01,-7.432429e-02,7.070998e+00,-4.218422e-01,-3.184935e+01,5.482614e+00,-6.671192e+00,-1.239745e+01,-3.602648e+01,-1.009980e+01,-2.287339e+01,-2.345435e+00,-3.075081e+00,-2.759503e+00,-2.927325e+00,-4.202841e+00,-2.573872e+00,-2.653809e+00,-1.992769e+00,2.234683e-01,5.040057e-01,6.920330e-01,1.085486e+00,1.448234e+00,1.546517e+00,1.664135e+00,2.344514e+00,2.131674e+02,7.411265e-01,-2.130985e-03,-1.385305e+00,1.517667e+00,6.927614e-01,-3.689243e+00,6.534762e+00,3.547881e+00,-2.513905e+00,4.939059e+00,2.928289e+00,-8.240019e-01,3.479171e-01,-5.983553e-01,-3.663177e+00,1.815526e+00,-4.874611e-01,2.586246e-03,-2.280237e-01,-7.432659e-02,-1.832447e-02,-2.571440e-02,-6.701709e-01,-6.880541e-01,-1.927380e-01,-3.383544e-03,6.421766e-03,9.871603e-04,-4.542891e-02,-2.920622e-02,-1.348726e-02,2.803243e-02,2.861450e-02,-2.600070e+00,-2.682173e-03,2.050679e+02,3.415814e-02,1.586211e-02,1.161899e-01,-3.281079e+00,3.664067e-03,2.936223e-03,3.850389e-03
116,1.160000,1.654603e-01,-3.136396e+01,-4.060320e+00,7.760362e+00,-1.029119e+01,-6.673736e+00,4.320620e+00,1.133026e+00,5.504749e+00,-2.635838e+01,2.960588e+00,-9.735291e+00,-1.250680e+01,-3.697222e+01,-8.425054e+00,-2.237933e+01,-2.301577e+00,-3.265876e+00,-2.819152e+00,-3.024997e+00,-4.279880e+00,-3.448509e+00,-3.428350e+00,-2.154222e+00,2.203526e-01,5.154278e-01,7.119184e-01,1.051996e+00,1.451246e+00,1.561671e+00,1.832047e+00,2.504348e+00,2.105495e+02,7.447963e-01,7.726774e-04,-6.742874e-01,1.204662e+00,5.706044e-01,-3.055614e+00,3.993538e+00,2.263066e+00,-2.342925e+00,3.601016e+00,4.887443e+00,-2.708135e+00,-2.555070e+00,-2.148895e-02,4.608029e-01,2.266224e+00,1.708889e+00,-1.101842e-02,-1.252735e-01,3.599308e-02,-8.357160e-02,1.587801e-02,-5.475827e-01,-3.999242e-01,-1.151172e-01,7.046288e-03,1.451790e-04,8.727813e-03,-1.842083e-02,-1.543007e-02,3.617930e-03,9.932347e-02,7.689993e-02,-2.734001e+00,2.034628e-03,2.026959e+02,3.273482e-02,2.321089e-02,1.185172e-01,-3.135799e+00,-2.696288e-03,2.006035e-03,-8.474618e-03
117,1.170000,2.277824e-01,-3.129557e+01,-3.605040e+00,9.178182e+00,-1.231430e+01,-7.434399e+00,2.806082e+00,2.148507e-01,7.770475e+00,-1.834262e+01,-1.964167e+00,-1.642855e+01,-1.279165e+01,-3.347850e+01,-3.269913e+00,-1.693874e+01,-2.343795e+00,-3.233552e+00,-2.621065e+00,-3.380153e+00,-4.287202e+00,-3.782013e+00,-3.396538e+00,-2.164782e+00,2.468698e-01,4.808455e-01,7.214040e-01,1.069942e+00,1.418294e+00,1.551522e+00,1.983285e+00,2.596169e+00,2.076958e+02,7.455153e-01,2.014449e-02,5.420284e-02,5.662709e-01,-2.320822e-01,-2.238022e+00,1.295689e+00,1.278312e+00,-1.135593e+00,9.287548e-01,4.277572e+00,-2.734927e+00,-3.462296e+00,5.303551e-01,3.461565e+00,2.543150e+00,2.445110e+00,-8.489604e-02,-5.670352e-02,1.288914e-01,-1.319141e-02,7.643957e-02,-2.891111e-01,-8.224900e-02,-4.213345e-02,1.682690e-02,2.805304e-03,6.188929e-03,7.804203e-03,-3.256547e-03,1.137110e-02,1.237358e-01,8.830214e-02,-2.716646e+00,1.092702e-03,1.991349e+02,2.295863e-02,2.098325e-02,1.097890e-01,-2.664569e+00,-5.976276e-03,3.085461e-04,-8.458948e-03
118,1.180000,2.245259e-01,-3.082804e+01,-3.541698e+00,7.788194e+00,-1.375227e+01,-7.791579e+00,4.931079e+00,8.812873e-01,6.341115e+00,-1.581406e+01,-5.104009e+00,-1.926794e+01,-1.121924e+01,-2.736861e+01,-3.218810e+00,-1.330089e+01,-2.524810e+00,-3.339755e+00,-2.459942e+00,-3.223520e+00,-4.148681e+00,-3.921274e+00,-3.271545e+00,-2.183471e+00,2.672277e-01,5.102080e-01,7.213525e-01,1.103744e+00,1.441550e+00,1.595328e+00,2.164535e+00,2.694371e+00,2.049329e+02,7.489999e-01,3.112556e-02,3.689672e-01,1.786541e-01,-9.255016e-01,-9.507769e-01,8.826977e-01,1.552948e+00,-6.638133e-01,-1.625413e+00,1.858331e+00,-4.667621e-01,-1.245544e+00,5.212321e-01,3.991371e+00,1.808443e+00,5.546837e-01,-9.260128e-02,-4.628510e-02,6.072378e-02,1.430303e-01,1.746910e-01,-6.810486e-02,6.468554e-02,-1.356387e-02,9.770982e-03,1.025007e-02,4.122007e-03,1.280117e-03,-1.005868e-02,1.563851e-02,3.782047e-02,1.679888e-02,-2.620004e+00,5.420971e-03,1.966441e+02,1.127678e-02,2.304792e-02,7.143711e-02,-2.330084e+00,1.430892e-04,4.513972e-04,-6.366923e-04
119,1.190000,2.928184e-01,-2.999522e+01,-3.502393e+00,5.794467e+00,-1.487720e+01,-7.168156e+00,6.012007e+00,1.518904e+00,3.803749e+00,-1.573365e+01,-4.159724e+00,-1.921634e+01,-1.038946e+01,-2.352045e+01,1.283201e-02,-1.518706e+01,-2.658299e+00,-3.321658e+00,-2.294651e+00,-2.894021e+00,-3.886243e+00,-3.783045e+00,-3.143456e+00,-2.188812e+00,2.841652e-01,5.206421e-01,7.182606e-01,1.098633e+00,1.436800e+00,1.586544e+00,2.116570e+00,2.691014e+00,2.023924e+02,7.444882e-01,8.302038e-03,5.427650e-01,3.420101e-01,-1.666980e+00,-9.244822e-01,2.092181e+00,2.174795e+00,-2.157101e+00,-2.846487e+00,7.467270e-04,1.937524e+00,8.417449e-01,-2.932596e-01,2.891853e+00,1.400056e+00,-1.172817e+00,-5.407732e-02,9.309006e-03,1.637547e-02,3.323155e-01,3.297383e-01,1.612623e-02,2.308810e-02,1.269102e-04,-4.690304e-03,1.629970e-02,1.325451e-02,-2.134410e-02,-1.671146e-02,1.144280e-02,-4.826956e-02,-3.009171e-02,-2.404359e+00,1.144612e-02,1.947709e+02,1.500578e-02,1.748633e-02,9.743515e-02,-1.757410e+00,4.858197e-03,2.767815e-03,1.431117e-02
120,1.200000,2.885701e-01,-3.016930e+01,-3.218373e+00,4.824711e+00,-1.376363e+01,-2.393369e+00,1.048240e+01,-2.838067e+00,-6.389548e-01,-1.837121e+01,1.724557e+00,-1.456912e+01,-1.110173e+01,-2.199439e+01,-1.024210e+00,-2.048175e+01,-2.607331e+00,-3.453248e+00,-2.678740e+00,-2.552911e+00,-3.606905e+00,-3.788517e+00,-3.231464e+00,-2.210026e+00,2.505597e-01,5.467798e-01,7.341002e-01,1.044051e+00,1.391700e+00,1.622352e+00,1.954507e+00,2.540920e+00,2.001012e+02,7.724147e-01,-2.531342e-03,8.915327e-01,4.016021e-01,-2.273695e+00,-1.841707e+00,2.364318e+00,1.966091e+00,-4.237466e+00,-2.802064e+00,5.177760e-01,2.929994e+00,6.629584e-01,-1.097725e+00,1.637937e+00,1.777389e+00,-1.028746e+00,-3.469636e-02,1.358655e-01,9.466539e-02,4.413746e-01,5.215942e-01,4.062669e-02,1.625931e-02,6.708352e-02,-2.779828e-03,1.075860e-02,2.293332e-02,-4.196509e-02,-4.063626e-02,-4.961646e-03,-1.068481e-01,-5.379379e-02,-2.155112e+00,1.924096e-02,1.932275e+02,3.742669e-02,2.721634e-02,1.215106e-01,-1.407355e+00,6.366552e-03,3.869922e-03,2.896314e-02
121,1.210000,2.372705e-01,-2.891112e+01,-2.056651e+00,2.325024e+00,-1.693104e+01,3.273990e-01,1.090440e+01,-8.710976e+00,-2.971926e+00,-1.706031e+01,4.309169e+00,-1.456924e+01,-1.431670e+01,-2.170635e+01,2.633069e+00,-1.921239e+01,-2.572921e+00,-3.130260e+00,-2.429788e+00,-2.053879e+00,-2.909399e+00,-3.767761e+00,-3.301139e+00,-2.150870e+00,2.317522e-01,5.440580e-01,7.813028e-01,9.930673e-01,1.359661e+00,1.595224e+00,1.846951e+00,2.522436e+00,1.980899e+02,7.910386e-01,-8.307537e-03,1.508099e+00,5.222607e-01,-3.836617e+00,-3.175158e+00,1.715869e+00,9.817163e-01,-4.300126e+00,-2.160711e+00,1.995707e+00,2.375433e+00,-2.224156e+00,-1.104658e+00,1.637539e+00,1.542760e+00,7.797748e-01,-6.361091e-02,2.837769e-01,3.311718e-01,5.769535e-01,7.533101e-01,1.067848e-01,6.575122e-02,8.622857e-02,1.411089e-02,7.780469e-03,2.872871e-02,-3.936427e-02,-5.344588e-02,-1.603618e-02,-9.235178e-02,-5.729337e-02,-1.912588e+00,2.097911e-02,1.920562e+02,3.417466e-02,3.273812e-02,1.563081e-01,-1.185028e+00,-6.741796e-04,1.099774e-03,3.755910e-02
122,1.220000,2.396431e-01,-2.691243e+01,-2.256558e+00,-1.845560e+00,-2.193389e+01,2.822337e-01,1.231534e+01,-1.519110e+01,-4.281367e+00,-1.256185e+01,5.311517e+00,-1.827670e+01,-1.474424e+01,-2.008598e+01,4.358014e+00,-1.643196e+01,-2.740981e+00,-2.756127e+00,-1.919046e+00,-1.436718e+00,-2.029132e+00,-3.725783e+00,-3.111408e+00,-1.867024e+00,2.795351e-01,5.522930e-01,8.044980e-01,9.467012e-01,1.276938e+00,1.566180e+00,1.765104e+00,2.509691e+00,1.963086e+02,8.219295e-01,1.369302e-02,2.049535e+00,2.173044e-01,-5.447816e+00,-3.537299e+00,9.674417e-01,-4.010166e-01,-3.029014e+00,-1.065623e+00,3.615442e+00,1.436797e+00,-5.457286e+00,8.508191e-01,2.197408e+00,1.063682e+00,2.297707e+00,-1.483432e-01,3.472222e-01,5.164800e-01,6.487700e-01,9.131163e-01,2.493041e-01,1.718857e-01,8.762179e-02,4.249538e-02,8.324700e-03,2.348502e-02,-2.140079e-02,-6.843419e-02,-3.564024e-02,-6.789948e-02,-4.588284e-02,-1.667184e+00,1.514757e-02,1.909647e+02,3.352509e-02,3.477163e-02,1.868163e-01,-9.309555e-01,-6.115420e-03,-4.856677e-03,4.679149e-02
123,1.230000,2.757442e-01,-2.408316e+01,-1.371997e+00,-1.005348e+01,-2.666786e+01,7.338818e-02,1.000412e+01,-1.380521e+01,-5.178602e+00,-8.659802e+00,5.923960e+00,-2.848333e+01,-1.409149e+01,-1.628696e+01,5.035519e+00,-1.331308e+01,-2.909529e+00,-2.251334e+00,-1.018638e+00,-5.673507e-01,-9.085789e-01,-3.280488e+00,-2.874728e+00,-1.929170e+00,3.402320e-01,5.567878e-01,8.267052e-01,9.504865e-01,1.226952e+00,1.534449e+00,1.749513e+00,2.420161e+00,1.947258e+02,8.246264e-01,2.546920e-02,1.899459e+00,-1.976912e-02,-5.901516e+00,-2.029948e+00,1.214011e+00,-7.978827e-01,-1.452660e+00,-7.537104e-01,3.925777e+00,1.468749e+00,-6.064837e+00,2.892313e+00,2.742662e+00,-9.109824e-01,1.803800e+00,-1.744852e-01,2.564340e-01,4.338895e-01,6.024246e-01,8.758575e-01,3.521550e-01,2.166324e-01,8.963371e-03,4.884213e-02,1.646994e-02,1.897937e-02,-3.736436e-04,-6.778810e-02,-3.002114e-02,-2.017816e-02,-4.418673e-02,-1.376178e+00,7.453346e-03,1.899772e+02,1.358568e-02,1.920755e-02,2.525778e-01,-5.031677e-01,-5.245582e-03,-7.735059e-03,3.201888e-02
124,1.240000,3.377984e-01,-2.233561e+01,-2.474179e+00,-1.622511e+01,-2.658171e+01,2.570845e+00,8.927455e+00,-1.543602e+01,-4.863733e+00,-4.494260e+00,8.101148e+00,-3.489850e+01,-6.960239e+00,-1.371704e+01,3.092977e+00,-1.194287e+01,-3.180743e+00,-2.156600e+00,-8.019146e-01,-5.232577e-02,-4.173388e-02,-2.785633e+00,-2.585241e+00,-1.882767e+00,4.087968e-01,5.820384e-01,8.288240e-01,9.583378e-01,1.115884e+00,1.474539e+00,1.663729e+00,2.362643e+00,1.934473e+02,8.313586e-01,5.014652e-03,1.332308e+00,-2.703413e-01,-5.049630e+00,-3.801069e-01,1.776648e+00,-7.266141e-01,-9.808366e-01,-6.632085e-01,3.897073e+00,1.222070e+00,-3.917265e+00,4.420218e+00,2.313385e+00,-2.259901e+00,1.183007e+00,-1.826173e-01,1.086797e-01,2.191344e-01,4.566111e-01,6.944658e-01,3.582537e-01,1.928114e-01,-5.680645e-02,4.214733e-02,2.742765e-02,2.293178e-02,1.499178e-02,-3.714383e-02,-8.917367e-03,5.173919e-02,1.565959e-02,-9.883240e-01,-2.564609e-04,1.896122e+02,1.714408e-02,9.698235e-03,3.073333e-01,1.752212e-01,-3.829486e-03,-6.855140e-03,3.000340e-03
125,1.250000,3.155389e-01,-2.170223e+01,-2.046686e+00,-1.999278e+01,-2.475686e+01,5.253147e+00,8.608927e+00,-1.585182e+01,-6.449295e+00,-1.465223e+00,1.025810e+01,-3.658252e+01,-3.747137e+00,-1.117751e+01,-1.289325e+00,-1.243793e+01,-3.225466e+00,-2.147854e+00,-8.189065e-01,2.660475e-01,4.761888e-01,-2.477060e+00,-2.481060e+00,-2.098182e+00,4.113320e-01,6.115350e-01,8.640366e-01,9.853808e-01,1.101248e+00,1.490939e+00,1.796748e+00,2.375026e+00,1.926397e+02,8.235908e-01,-8.841766e-03,7.042770e-01,-5.633246e-01,-3.022916e+00,6.654169e-01,1.696121e+00,2.676767e-01,-1.788379e+00,-7.610210e-01,2.880568e+00,4.431738e-01,1.660080e-02,4.300457e+00,1.796277e+00,-2.788282e+00,1.078545e+00,-1.452223e-01,-2.605176e-02,5.649042e-03,2.656326e-01,4.125847e-01,2.549448e-01,1.532702e-01,-1.025187e-02,3.016264e-02,3.347255e-02,2.206987e-02,1.717050e-02,-4.369485e-03,9.812283e-03,9.746532e-02,6.417296e-02,-5.095962e-01,-4.266834e-03,1.902166e+02,1.613726e-02,6.599521e-03,2.561440e-01,9.265763e-01,-1.086615e-03,-2.499140e-03,-3.765501e-02
126,1.260000,2.448190e-01,-2.144135e+01,-3.270920e+00,-2.212406e+01,-2.478992e+01,6.575593e+00,9.379864e+00,-1.907198e+01,-6.962063e+00,3.326227e+00,9.254796e+00,-3.381343e+01,2.184670e+00,-1.107379e+01,-3.779070e+00,-1.095449e+01,-3.496099e+00,-2.264468e+00,-9.232405e-01,4.296386e-01,7.508128e-01,-2.336228e+00,-2.344185e+00,-2.066550e+00,4.547217e-01,6.620577e-01,9.004912e-01,1.004213e+00,1.154070e+00,1.543348e+00,2.000182e+00,2.610556e+00,1.924100e+02,8.211650e-01,-9.022346e-03,3.423470e-01,-6.763571e-01,-1.096547e+00,6.112047e-01,1.232898e+00,6.478074e-01,-1.742612e+00,-6.890107e-01,4.880351e-01,-5.072285e-01,2.282895e+00,3.026751e+00,9.258434e-01,-1.955328e+00,1.673338e+00,-7.713566e-02,-8.676825e-02,-6.738894e-02,1.221385e-01,1.412341e-01,1.500766e-01,9.203529e-02,7.274276e-02,2.038340e-02,3.193992e-02,1.590941e-02,1.588752e-02,2.674980e-02,2.240417e-02,1.098890e-01,7.599008e-02,-1.472168e-02,-6.756121e-03,1.917211e+02,1.310187e-02,6.799946e-03,2.000349e-01,1.469885e+00,-2.220124e-03,2.938683e-04,-4.467356e-02
127,1.270000,2.780251e-01,-2.100890e+01,-3.790249e+00,-2.221859e+01,-2.423667e+01,6.551619e+00,1.111630e+01,-2.092912e+01,-7.934542e+00,1.832791e+00,7.563005e+00,-2.894286e+01,2.838339e+00,-8.627209e+00,-5.469865e+00,-8.414544e+00,-3.477962e+00,-2.327659e+00,-9.297304e-01,5.198302e-01,7.580712e-01,-2.230466e+00,-2.228905e+00,-1.888538e+00,4.680828e-01,6.841409e-01,9.012210e-01,1.013401e+00,1.186011e+00,1.549106e+00,2.068613e+00,2.617069e+00,1.926964e+02,8.083890e-01,-6.259651e-03,1.185547e-01,-7.660034e-01,8.399345e-01,5.085133e-01,7.492901e-01,2.755521e-01,-1.253158e+00,2.772632e-01,-2.275115e+00,-1.740622e+00,2.891720e+00,1.496127e+00,3.143970e-01,-5.957381e-01,2.207767e+00,1.391616e-02,-1.109192e-01,-9.784979e-02,-5.013727e-02,-1.130441e-01,6.510043e-02,1.182170e-02,1.712097e-01,7.586670e-03,1.699267e-02,-4.104716e-03,8.486819e-03,2.350794e-02,-2.747357e-03,2.570195e-02,2.051032e-02,4.363266e-01,-8.022934e-03,1.935556e+02,1.017370e-02,8.160995e-03,1.179519e-01,1.789484e+00,-1.570344e-03,6.281101e-04,-2.139951e-02
128,1.280000,3.114435e-01,-2.097054e+01,-4.984183e+00,-2.059495e+01,-2.378578e+01,8.086097e+00,1.091281e+01,-2.161043e+01,-7.566164e+00,-3.703091e+00,6.912552e+00,-2.730386e+01,4.880777e+00,-1.036298e+01,-4.593394e+00,-5.587882e+00,-3.440173e+00,-2.500539e+00,-1.083447e+00,4.314752e-01,5.234955e-01,-2.158547e+00,-2.251142e+00,-1.623875e+00,4.823384e-01,7.054350e-01,8.897789e-01,1.023765e+00,1.207251e+00,1.557476e+00,2.077242e+00,2.621571e+00,1.933454e+02,8.051789e-01,1.460347e-03,-2.554545e-01,-5.432609e-01,2.100988e+00,7.494715e-01,4.927299e-01,-9.944049e-01,6.698332e-01,1.092896e+00,-4.051126e+00,-2.123202e+00,1.896498e+00,9.771459e-02,9.653473e-03,1.334662e-01,1.686661e+00,7.412722e-02,-1.289198e-01,-1.258092e-01,-2.287556e-01,-3.179309e-01,1.615524e-03,-8.256125e-02,1.270131e-01,-1.032499e-02,-1.425242e-03,-1.589179e-02,6.552768e-03,1.436393e-02,-1.439630e-02,-4.457582e-02,-3.501255e-02,8.150375e-01,-1.036360e-02,1.952921e+02,9.025234e-03,1.038684e-02,1.530615e-01,1.951187e+00,-6.701598e-04,-1.848790e-04,-6.118334e-03
129,1.290000,2.509284e-01,-2.134486e+01,-5.020072e+00,-1.655766e+01,-2.271637e+01,8.244346e+00,9.220216e+00,-2.084839e+01,-4.760929e+00,-9.326138e+00,2.726112e+00,-2.537871e+01,2.385446e+00,-9.960926e+00,-3.860852e+00,-4.082405e+00,-3.183848e+00,-2.584414e+00,-1.228052e+00,1.444288e-02,2.462705e-02,-2.240399e+00,-2.468473e+00,-1.463471e+00,4.354570e-01,6.748097e-01,8.488691e-01,1.018039e+00,1.192197e+00,1.470138e+00,1.886728e+00,2.472070e+00,1.943536e+02,7.914692e-01,-1.879546e-02,-8.930801e-01,-4.287757e-01,2.271209e+00,1.147910e+00,-2.578313e-01,-1.905195e+00,2.985197e+00,1.858984e+00,-2.847438e+00,-2.945217e+00,1.211525e-01,-8.481824e-01,-7.169243e-01,-1.800590e-01,3.156303e-01,3.789918e-02,-1.874883e-01,-1.529619e-01,-4.025692e-01,-4.548678e-01,-6.704096e-02,-1.236671e-01,-3.460976e-02,-1.814176e-02,-1.654987e-02,-1.578408e-02,8.270037e-03,1.448845e-02,-1.435219e-02,-6.727403e-02,-3.371162e-02,1.151372e+00,-1.448992e-02,1.973785e+02,1.032385e-02,7.946624e-03,1.726332e-01,2.160374e+00,4.144924e-04,-8.100281e-04,1.547496e-02
130,1.300000,2.656691e-01,-2.255064e+01,-5.372313e+00,-1.444958e+01,-2.180272e+01,8.192880e+00,5.355880e+00,-1.576318e+01,-3.084388e+00,-1.134993e+01,1.057234e+00,-2.611302e+01,2.899689e+00,-1.035866e+01,-3.916245e+00,-4.687257e+00,-3.272520e+00,-2.780689e+00,-1.403126e+00,-4.614457e-01,-4.721196e-01,-2.323184e+00,-2.637207e+00,-1.644019e+00,4.194096e-01,6.595971e-01,8.472082e-01,1.034658e+00,1.222797e+00,1.510851e+00,1.868246e+00,2.507993e+00,1.956566e+02,7.778069e-01,-7.171646e-03,-1.461727e+00,-3.489510e-01,2.450181e+00,1.958419e+00,-2.233427e+00,-2.419051e+00,4.715655e+00,2.189682e+00,1.590653e-01,-3.126270e+00,-1.662558e+00,-1.335520e+00,-1.418197e+00,-9.102890e-01,-1.023847e+00,-8.606958e-03,-2.034844e-01,-1.436621e-01,-5.920155e-01,-5.626500e-01,-1.402931e-01,-5.103619e-02,-1.839657e-01,-1.918205e-02,-2.894714e-02,-8.766639e-03,1.453977e-02,3.358924e-02,9.526944e-03,-2.570121e-02,1.011763e-02,1.656325e+00,-1.840966e-02,1.995656e+02,9.675997e-03,5.982736e-03,1.421026e-01,3.171187e+00,1.609941e-03,-6.669936e-04,6.630665e-03
131,1.310000,2.069350e-01,-2.468425e+01,-5.740063e+00,-1.393523e+01,-1.948865e+01,5.209071e+00,4.368788e+00,-8.926763e+00,-8.805094e-01,-8.580977e+00,-4.235422e+00,-2.893252e+01,-4.120293e-01,-1.221399e+01,-6.708735e+00,-7.286705e+00,-3.372293e+00,-3.125025e+00,-1.534701e+00,-1.046556e+00,-1.018460e+00,-2.483352e+00,-2.654208e+00,-2.051515e+00,4.088384e-01,6.243106e-01,8.435859e-01,1.049305e+00,1.250680e+00,1.500657e+00,1.836741e+00,2.505300e+00,1.972977e+02,7.496254e-01,6.040841e-04,-1.948368e+00,-6.253163e-01,2.780872e+00,3.107003e+00,-3.970227e+00,-2.585289e+00,5.331298e+00,3.221712e+00,2.787099e+00,-3.409698e+00,-3.129289e+00,-9.308128e-01,-3.103080e+00,-2.391345e+00,-2.458305e+00,-2.904251e-02,-2.242496e-01,-1.897895e-01,-7.670177e-01,-6.062261e-01,-1.797235e-01,4.357395e-02,-2.422651e-01,-1.798501e-02,-3.599979e-02,-9.487545e-03,2.487544e-02,4.308100e-02,3.354054e-02,1.936605e-02,2.545030e-02,2.076187e+00,-2.000910e-02,2.022208e+02,1.192078e-02,6.312907e-03,2.008061e-01,-1.027618e+01,1.462701e-03,-1.992277e-04,2.713409e-03
132,1.320000,2.975820e-01,-2.660948e+01,-6.368942e+00,-9.655259e+00,-1.560754e+01,-1.563399e+00,1.243265e+00,-3.992963e+00,1.442038e+00,-3.280345e+00,-5.238030e+00,-3.383974e+01,-3.980845e-01,-1.632743e+01,-7.720898e+00,-9.104966e+00,-3.388985e+00,-3.247655e+00,-1.648434e+00,-1.998103e+00,-1.768211e+00,-2.738536e+00,-2.413455e+00,-2.249682e+00,3.997375e-01,5.859489e-01,8.485873e-01,1.080831e+00,1.345956e+00,1.589851e+00,1.973729e+00,2.655544e+00,2.001550e+02,7.340525e-01,6.222886e-03,-2.019697e+00,-9.067637e-01,3.770903e+00,3.764203e+00,-4.689381e+00,-2.532193e+00,3.799992e+00,4.819578e+00,3.477026e+00,-2.670327e+00,-1.517741e+00,-9.280941e-01,-4.112777e+00,-3.331839e+00,-3.013480e+00,-6.598616e-03,-1.534122e-01,-2.685850e-01,-8.651333e-01,-6.197934e-01,-1.980489e-01,5.680952e-02,-1.326925e-01,-2.599448e-02,-4.190062e-02,-1.266100e-02,2.915388e-02,3.766894e-02,2.842512e-02,-1.114118e-03,1.221180e-03,2.223303e+00,-1.959789e-02,2.087269e+02,1.627647e-02,7.868730e-03,1.721284e-01,-3.136523e+01,-6.670626e-05,-8.710666e-04,-2.171452e-02
133,1.330000,2.379923e-01,-2.905729e+01,-7.648339e+00,-5.050468e+00,-1.027894e+01,-6.728651e+00,-1.649920e+00,-7.700840e-02,9.084415e+00,5.745626e-01,-1.117475e+01,-3.716179e+01,-6.197316e-01,-2.249194e+01,-1.391525e+01,-1.416508e+01,-3.270828e+00,-3.472179e+00,-2.054346e+00,-3.052317e+00,-2.358458e+00,-2.931340e+00,-2.362479e+00,-2.371965e+00,3.553680e-01,5.316349e-01,8.007419e-01,1.119330e+00,1.346023e+00,1.598340e+00,1.930817e+00,2.525546e+00,2.024854e+02,7.133009e-01,-9.297982e-03,-1.797762e+00,-1.350099e+00,3.909119e+00,3.009843e+00,-4.131666e+00,-2.680222e+00,2.352415e+00,5.118659e+00,1.384034e+00,-9.850195e-01,1.667734e+00,-1.578280e-01,-3.927544e+00,-3.234912e+00,-2.487893e+00,-1.024558e-01,-8.705764e-02,-3.427800e-01,-7.556458e-01,-5.760164e-01,-1.552604e-01,-6.525135e-03,1.634369e-02,-2.614219e-02,-3.716549e-02,-1.056219e-02,3.372499e-02,2.686802e-02,1.930795e-02,-3.155618e-02,-1.966121e-02,1.778751e+00,-2.063539e-02,1.414169e+02,1.433712e-02,6.007489e-03,1.711873e-01,-5.400271e+01,-3.198375e-03,-1.871443e-03,-5.254012e-02
134,1.340000,2.812549e-01,-3.046261e+01,-8.951993e+00,-3.744475e-02,-7.586562e+00,-9.285163e+00,-4.295732e+00,-1.188098e+00,1.603104e+01,1.457426e+00,-8.824739e+00,-2.958708e+01,-1.636930e+00,-2.578357e+01,-1.697218e+01,-1.631547e+01,-3.356246e+00,-3.374173e+00,-2.486228e+00,-3.784232e+00,-2.901088e+00,-3.089435e+00,-2.499024e+00,-2.147256e+00,3.161724e-01,4.964318e-01,8.053252e-01,1.145415e+00,1.363470e+00,1.604135e+00,1.815637e+00,2.503976e+00,2.041793e+02,6.979797e-01,-4.036411e-02,-1.478888e+00,-1.674985e+00,2.651662e+00,5.756590e-01,-3.073874e+00,-2.022658e+00,1.877109e+00,3.353690e+00,-1.739825e+00,1.060067e+00,5.657831e+00,3.617365e-01,-1.939207e+00,-1.629402e+00,-9.840443e-01,-3.444369e-01,-7.166281e-02,-3.232366e-01,-4.214889e-01,-5.240760e-01,-1.110560e-01,-1.096812e-01,9.403928e-02,-1.436193e-02,-2.264511e-02,-1.734257e-04,3.354734e-02,2.557675e-02,3.748632e-03,-3.560730e-02,-8.745527e-03,9.742447e-01,-2.110084e-02,7.314134e+01,8.134299e-03,1.780112e-03,4.833941e-02,-5.588707e+01,-4.689007e-03,-2.174495e-03,-5.154441e-02
135,1.350000,1.686087e-01,-3.174650e+01,-1.119903e+01,8.014607e-01,-8.449927e+00,-1.158838e+01,-6.262823e+00,1.432878e+00,1.741828e+01,-4.029692e+00,-7.367165e+00,-2.272018e+01,-5.817466e-01,-2.712364e+01,-1.825765e+01,-1.612092e+01,-3.900942e+00,-3.497054e+00,-2.829703e+00,-3.931720e+00,-3.332104e+00,-3.084205e+00,-2.644050e+00,-2.021009e+00,3.199100e-01,4.832416e-01,8.124060e-01,1.185638e+00,1.376263e+00,1.590055e+00,1.758006e+00,2.482778e+00,2.041793e+02,6.644848e-01,-4.425099e-02,-9.805437e-01,-1.657320e+00,1.274241e+00,-1.926629e+00,-2.755388e+00,-1.110636e+00,2.526973e+00,6.350256e-01,-3.639815e+00,2.621618e+00,6.353247e+00,1.160596e+00,1.073211e+00,1.404643e+00,1.379820e+00,-5.500361e-01,-7.605715e-02,-1.666405e-01,-9.279945e-02,-4.718067e-01,-7.869165e-02,-1.211320e-01,1.105534e-01,2.748641e-03,-5.487218e-03,-1.356125e-03,2.281215e-02,2.643313e-02,6.585133e-03,-7.768607e-03,2.224403e-02,3.387726e-01,-2.029154e-02,0,0,0,0,-3.559752e+01,-3.680854e-03,-1.379509e-03,-3.907141e-02
136,1.360000,1.304533e-01,-3.265931e+01,-1.296852e+01,6.770867e-01,-1.364376e+01,-1.450291e+01,-6.563572e+00,4.637640e+00,1.404356e+01,-9.677342e+00,-1.841485e+00,-1.277140e+01,1.391605e+00,-2.370762e+01,-1.369670e+01,-1.304727e+01,-4.796113e+00,-3.593532e+00,-2.876938e+00,-3.665846e+00,-3.901768e+00,-3.217384e+00,-2.821076e+00,-1.954963e+00,3.456569e-01,4.969200e-01,8.418881e-01,1.215413e+00,1.458719e+00,1.612737e+00,1.882098e+00,2.633200e+00,2.041793e+02,6.529563e-01,-3.553032e-02,-7.409998e-01,-1.315545e+00,-6.265125e-02,-3.457207e+00,-2.283168e+00,2.980533e-01,3.547092e+00,-6.507355e-01,-3.636020e+00,1.943388e+00,5.188716e+00,1.682076e+00,2.893709e+00,3.265309e+00,2.653893e+00,-6.192263e-01,-1.423192e-01,-8.284259e-03,1.371217e-01,-3.807212e-01,-8.430626e-02,-1.145376e-01,4.192818e-02,1.767016e-02,9.753319e-03,-1.253611e-02,8.115244e-03,1.756425e-02,5.941880e-03,2.474123e-02,2.545166e-02,0,-1.248057e-02,0,0,0,0,-1.462827e+01,-1.626860e-03,-3.560224e-04,-9.667883e-03
137,1.370000,9.213813e-02,-3.286165e+01,-1.392668e+01,9.634700e-01,-1.688349e+01,-1.789672e+01,-6.069183e+00,9.644986e+00,1.325328e+01,-1.205713e+01,-1.558287e+00,-1.380340e+01,3.668978e+00,-1.816386e+01,-8.529773e+00,-8.900080e+00,-5.301075e+00,-3.742786e+00,-2.692193e+00,-3.575507e+00,-4.217151e+00,-3.260824e+00,-2.807113e+00,-1.915344e+00,3.543690e-01,5.039547e-01,7.756798e-01,1.198391e+00,1.430564e+00,1.626965e+00,1.858743e+00,2.572154e+00,2.041793e+02,6.343549e-01,5.545074e-03,-4.966450e-01,-8.342695e-01,-1.223014e-01,-3.015182e+00,-1.358471e+00,1.846667e+00,3.052036e+00,-1.871825e-01,-2.219273e+00,1.102924e+00,2.951413e+00,5.986068e-01,2.808157e+00,3.250771e+00,3.103652e+00,-4.429192e-01,-1.548864e-01,5.909846e-02,1.569262e-01,-2.771441e-01,-1.067936e-01,-7.766743e-02,4.982729e-02,1.961923e-02,1.529873e-02,-2.120518e-02,-9.794855e-03,1.208329e-03,4.082000e-03,4.553914e-03,6.098795e-03,0,-5.444348e-03,0,0,0,0,0,0,0,0
138,1.380000,1.418385e-01,-3.361003e+01,-1.416589e+01,-4.317056e-01,-2.065582e+01,-1.754683e+01,-2.902286e+00,1.244131e+01,1.485986e+01,-1.270896e+01,-2.012237e+00,-8.101893e+00,4.648088e+00,-1.579491e+01,-5.509578e+00,-6.656427e+00,-5.752311e+00,-3.962903e+00,-2.596404e+00,-3.276730e+00,-4.362170e+00,-3.422656e+00,-2.990180e+00,-1.990448e+00,3.872937e-01,5.348419e-01,7.610078e-01,1.179615e+00,1.424141e+00,1.615389e+00,1.888975e+00,2.586547e+00,2.041793e+02,6.506419e-01,1.521423e-02,-4.865528e-01,-5.690559e-01,-3.434481e-01,-1.793333e+00,-4.229576e-01,2.922606e+00,1.518567e+00,3.440990e-01,-1.209303e+00,-1.729135e-01,7.648355e-01,-5.423133e-01,1.550876e+00,1.671069e+00,1.984344e+00,-2.502994e-01,-1.887804e-01,2.296929e-02,1.208952e-01,-1.555319e-01,-1.202672e-01,-4.828644e-02,5.016937e-02,2.351415e-02,1.675128e-02,-1.343299e-02,-1.584901e-02,-4.971504e-03,-3.935516e-03,-8.083856e-03,-6.116366e-03,0,1.432896e-05,0,0,0,0,0,0,0,0
139,1.390000,1.906414e-01,-3.375436e+01,-1.477169e+01,7.443498e-01,-2.001981e+01,-1.685877e+01,1.139870e+00,1.279122e+01,1.607422e+01,-1.361025e+01,-1.767167e+00,-1.029787e+01,7.830462e-01,-1.703921e+01,-6.097361e+00,-3.798075e+00,-5.637438e+00,-4.086800e+00,-2.674478e+00,-3.341647e+00,-4.487624e+00,-3.515537e+00,-2.947835e+00,-1.754130e+00,3.971877e-01,5.407743e-01,7.468203e-01,1.154563e+00,1.399594e+00,1.609139e+00,1.777337e+00,2.536599e+00,2.041793e+02,6.384203e-01,7.842129e-03,-5.449917e-01,-2.225374e-01,-2.885178e-01,-7.810415e-01,2.789917e-02,3.555332e+00,5.535097e-01,7.922339e-01,-5.020782e-01,3.418208e-01,4.473763e-02,-8.860584e-01,3.901592e-01,-6.720582e-01,9.614559e-02,-1.175034e-01,-1.469467e-01,-2.138657e-02,1.085820e-01,-1.220587e-01,-1.508176e-01,-5.839879e-02,3.366707e-02,2.194954e-02,1.535187e-02,-7.075369e-04,-1.160657e-02,5.623698e-03,-4.248035e-03,1.113090e-02,1.306095e-02,0,2.306122e-03,0,0,0,0,0,0,0,0
140,1.400000,1.572728e-01,-3.464572e+01,-1.539129e+01,-9.305936e-01,-2.104226e+01,-1.713667e+01,4.444930e+00,1.065736e+01,1.435358e+01,-1.494730e+01,-2.601612e+00,-1.069999e+01,1.230047e-01,-1.651556e+01,-6.557564e+00,-5.676547e+00,-5.879427e+00,-4.365427e+00,-2.770949e+00,-3.178300e+00,-4.544191e+00,-3.691364e+00,-2.992147e+00,-1.784723e+00,4.418183e-01,5.622665e-01,7.891529e-01,1.158083e+00,1.449347e+00,1.601972e+00,1.882382e+00,2.620396e+00,2.041793e+02,6.509953e-01,-1.229421e-02,-5.238182e-01,1.321515e-01,-2.094638e-01,-5.484222e-01,-3.768753e-01,2.511660e+00,-4.144517e-01,4.300766e-02,-1.677175e-01,-3.376521e-01,-5.487310e-01,-5.427226e-01,-4.028406e-02,-1.963053e+00,-2.080863e+00,-2.625961e-02,-6.389256e-02,-1.436954e-02,9.814868e-02,-1.018242e-01,-1.634390e-01,-6.101117e-02,-3.598974e-02,1.441007e-02,1.149846e-02,-4.163569e-03,-1.617813e-02,1.007224e-02,-2.326977e-03,2.378836e-02,2.237487e-02,-6.337128e-01,5.915946e-03,0,0,0,0,1.107710e+01,0,0,0
141,1.410000,1.236316e-01,-3.506876e+01,-1.442667e+01,-2.296752e-01,-2.059547e+01,-1.796230e+01,8.033868e+00,1.330451e+01,1.746759e+01,-1.344835e+01,4.455050e-01,-1.228067e+01,1.501227e+00,-1.585274e+01,-1.136607e+01,-8.909292e+00,-5.825034e+00,-4.276258e+00,-2.711854e+00,-3.081812e+00,-4.736434e+00,-3.880559e+00,-3.098123e+00,-1.849871e+00,4.368544e-01,5.670018e-01,7.580695e-01,1.151124e+00,1.446080e+00,1.612433e+00,1.917694e+00,2.620534e+00,2.041793e+02,6.457088e-01,-2.039120e-02,-5.027096e-01,4.552247e-01,1.239688e-01,-5.896872e-01,-3.453856e-01,8.688005e-01,-7.549546e-01,-3.479498e-01,1.813465e-01,-9.516023e-01,5.549110e-01,1.101933e-01,-6.055538e-01,-1.941004e+00,-2.594651e+00,1.411152e-02,1.434455e-02,-2.614536e-02,5.351942e-02,-9.502802e-02,-1.623234e-01,-8.705612e-02,-1.129484e-01,1.811749e-03,7.278204e-03,-7.057166e-03,-1.518168e-02,9.451854e-03,1.513994e-03,3.681793e-02,2.431219e-02,-2.075935e+00,1.409431e-02,0,0,0,0,2.762727e+01,0,0,0
142,1.420000,1.138724e-01,-3.557192e+01,-1.367765e+01,-9.920123e-01,-2.311009e+01,-1.887944e+01,6.209014e+00,1.011241e+01,1.437821e+01,-1.362849e+01,-4.806834e+00,-9.854148e+00,1.575384e+00,-1.658957e+01,-1.269049e+01,-1.450513e+01,-5.789812e+00,-4.187637e+00,-2.649564e+00,-2.915904e+00,-4.746886e+00,-4.057340e+00,-3.220092e+00,-2.122526e+00,4.395107e-01,5.792205e-01,7.345653e-01,1.100443e+00,1.451260e+00,1.602107e+00,1.937738e+00,2.656454e+00,2.010107e+02,6.765773e-01,-4.941596e-03,-2.966145e-01,3.957394e-01,6.245651e-01,-3.079495e-01,1.277926e-01,-8.021193e-01,-1.323838e+00,-9.436994e-01,2.922597e-01,-7.493295e-01,1.853405e+00,1.290336e-01,-1.337811e+00,-1.207623e+00,-1.745597e+00,5.778518e-02,8.771606e-02,-6.500523e-02,-2.582913e-02,-6.125617e-02,-1.050064e-01,-7.224395e-02,-1.018773e-01,-1.321294e-02,-8.459985e-04,-1.253133e-02,-2.352520e-02,-6.303525e-03,1.513505e-03,-1.565119e-02,-2.603481e-02,-3.763985e+00,1.516287e-02,5.538549e+01,0,0,0,3.313308e+01,0,0,0
143,1.430000,1.103857e-01,-3.580481e+01,-1.335239e+01,1.394903e+00,-2.193433e+01,-1.771431e+01,4.601830e+00,9.288925e+00,1.432216e+01,-1.336292e+01,-5.422568e+00,-7.946232e+00,6.078229e-01,-2.002997e+01,-1.273592e+01,-1.235703e+01,-5.611689e+00,-4.103972e+00,-2.865897e+00,-3.205248e+00,-4.861416e+00,-4.144166e+00,-3.269143e+00,-2.149971e+00,4.074003e-01,5.686884e-01,7.388282e-01,1.107474e+00,1.445897e+00,1.616642e+00,1.933749e+00,2.640131e+00,1.953839e+02,6.961008e-01,4.665967e-03,-1.447586e-01,2.452390e-01,6.589499e-01,2.918003e-01,4.314743e-01,-1.739123e+00,-1.437436e+00,-7.411234e-01,-2.925510e-02,-6.468849e-01,2.094209e+00,5.866918e-01,-1.880764e+00,5.931072e-02,-1.156526e-01,4.454484e-02,7.433514e-02,-8.998146e-02,-8.210232e-02,3.612709e-03,-2.586374e-02,-3.980754e-02,-6.873615e-02,-1.384283e-02,-5.011940e-03,-9.069621e-04,-1.170657e-02,-1.100086e-02,2.919436e-04,-1.521370e-02,-4.178588e-02,-4.501465e+00,9.913212e-03,1.104436e+02,0,0,0,1.651744e+01,0,0,0
144,1.440000,1.391878e-01,-3.576077e+01,-1.394973e+01,1.379943e+00,-2.191258e+01,-1.662170e+01,2.150352e+00,6.045959e+00,1.120781e+01,-1.352872e+01,-3.414223e+00,-3.600183e+00,1.214875e+00,-2.111600e+01,-1.191076e+01,-1.268066e+01,-5.697174e+00,-4.012989e+00,-3.018954e+00,-3.245727e+00,-4.787981e+00,-4.084592e+00,-3.267857e+00,-2.144060e+00,3.904806e-01,5.571932e-01,7.361169e-01,1.062282e+00,1.417921e+00,1.607436e+00,1.796099e+00,2.480423e+00,1.897570e+02,7.016136e-01,1.497242e-02,-1.396599e-01,2.895229e-01,3.022277e-01,6.198782e-01,-1.069601e-01,-1.596932e+00,4.060911e-01,1.160440e+00,-2.490398e-01,6.897475e-01,2.169632e+00,1.421017e+00,-1.010553e+00,6.692221e-01,6.349387e-01,-3.208599e-02,5.559018e-02,-2.945030e-02,-7.099936e-02,-5.267143e-03,4.873011e-02,-4.220700e-02,-5.388357e-02,-6.473058e-03,-7.326835e-03,2.859533e-03,8.422291e-03,-5.703783e-03,2.206826e-03,2.871001e-03,-4.258733e-02,-3.550896e+00,-5.123174e-03,1.104436e+02,0,0,0,-1.661565e+01,0,0,0
145,1.450000,1.343037e-01,-3.569813e+01,-1.306443e+01,1.879097e+00,-1.973523e+01,-1.693380e+01,1.367583e+00,8.150555e+00,1.534718e+01,-1.364451e+01,-3.485225e+00,-4.936604e+00,4.614941e+00,-2.299335e+01,-1.145938e+01,-1.039979e+01,-5.648628e+00,-3.991906e+00,-2.977066e+00,-3.327412e+00,-4.697823e+00,-3.996251e+00,-3.273278e+00,-2.182785e+00,3.921553e-01,5.529557e-01,7.527589e-01,1.111672e+00,1.407745e+00,1.611229e+00,1.912445e+00,2.499620e+00,1.872988e+02,6.827567e-01,1.671721e-02,-2.746101e-01,3.456775e-01,-2.930601e-01,6.151590e-01,-1.203384e+00,-1.486130e+00,1.223002e+00,2.116674e+00,-7.503379e-01,-5.953418e-01,6.511345e-01,1.492693e+00,3.854065e-01,1.657282e+00,4.766474e-01,-7.786994e-02,-2.813542e-02,4.226539e-02,-7.126482e-02,-1.264954e-02,7.341652e-02,-3.257089e-02,-8.011153e-02,8.763557e-03,-5.538702e-03,7.658225e-03,2.832923e-02,6.584978e-03,2.734363e-03,4.033013e-02,6.140137e-03,-1.862846e+00,-1.449631e-02,5.505812e+01,0,0,0,-3.313308e+01,0,0,0
146,1.460000,1.767754e-01,-3.632356e+01,-1.237402e+01,2.770295e-01,-2.111025e+01,-1.980450e+01,-1.585235e-01,1.271205e+01,1.966790e+01,-1.473289e+01,-2.326768e+00,-5.108001e-01,6.676909e+00,-2.016065e+01,-9.982646e+00,-1.230906e+01,-5.931772e+00,-3.965719e+00,-2.741231e+00,-3.209819e+00,-4.855018e+00,-3.887647e+00,-3.429059e+00,-2.375537e+00,4.147679e-01,5.504526e-01,7.418976e-01,1.140456e+00,1.441817e+00,1.615848e+00,1.962745e+00,2.513773e+00,1.872988e+02,6.576335e-01,5.245221e-03,-4.222828e-01,2.057701e-01,-4.561287e-01,3.290312e-01,-1.913874e+00,-1.188020e+00,1.156019e+00,2.412591e+00,-2.601811e-01,-6.120826e-01,-1.460398e+00,4.611098e-01,1.560637e+00,2.786654e+00,5.167182e-01,-1.160562e-01,-7.916520e-02,6.272840e-02,-1.571426e-01,-6.383791e-02,3.718824e-02,-3.074436e-02,-7.310846e-02,1.353458e-02,-8.591908e-03,4.212665e-03,3.538921e-02,1.225070e-02,-2.861381e-04,4.292516e-02,4.043481e-02,-4.916534e-01,-1.621222e-02,0,0,0,0,-2.759453e+01,0,0,0
147,1.470000,1.751779e-01,-3.689647e+01,-1.241186e+01,4.810593e-01,-1.925970e+01,-2.213983e+01,-1.674381e+00,1.207089e+01,2.067548e+01,-1.651252e+01,-8.943005e+00,-6.235251e+00,5.340270e+00,-1.858062e+01,-5.413560e+00,-1.015960e+01,-5.883739e+00,-4.268284e+00,-2.793432e+00,-3.579526e+00,-4.891145e+00,-3.875556e+00,-3.351397e+00,-2.434790e+00,4.390744e-01,5.443652e-01,7.742290e-01,1.210033e+00,1.466874e+00,1.626107e+00,2.052076e+00,2.654157e+00,1.872988e+02,6.456093e-01,-2.579781e-03,-4.273094e-01,-2.492640e-01,-4.497827e-01,3.023043e-01,-9.008478e-01,-9.818948e-01,-4.186221e-01,1.006343e+00,8.816760e-01,9.934760e-01,-1.902893e+00,-6.771121e-01,1.586265e+00,3.189722e+00,-6.714173e-02,-1.384754e-01,-8.329108e-02,-3.785503e-02,-2.262200e-01,-4.856930e-02,5.848956e-03,-3.038669e-02,-4.158971e-02,9.277388e-03,-1.015150e-02,3.788716e-03,1.692773e-02,6.535709e-03,-8.842409e-03,-3.294230e-03,2.777426e-02,0,-6.917548e-03,0,0,0,0,-1.101162e+01,0,0,0
148,1.480000,1.449768e-01,-3.727301e+01,-1.324717e+01,-2.016820e-01,-2.050519e+01,-2.358806e+01,-2.268769e+00,9.865890e+00,2.060661e+01,-1.339562e+01,-3.745747e+00,-1.025285e+01,3.157759e+00,-1.551918e+01,-1.000398e+00,-1.021717e+01,-6.159899e+00,-4.270626e+00,-2.797129e+00,-3.905383e+00,-5.010509e+00,-3.958999e+00,-3.382520e+00,-2.383600e+00,4.346939e-01,5.185289e-01,7.464452e-01,1.190047e+00,1.449610e+00,1.598566e+00,1.940909e+00,2.605329e+00,1.872988e+02,6.391262e-01,-1.866723e-02,-1.527103e-01,-3.126817e-01,5.149283e-02,6.868852e-01,-2.578907e-02,-6.765154e-01,-1.472937e+00,2.208057e-01,2.344925e+00,3.374636e+00,-1.477974e+00,-1.695451e+00,5.076792e-01,3.012426e+00,-5.253404e-01,-8.616357e-02,3.730183e-02,-8.556554e-02,-2.531247e-01,-2.041178e-02,1.422067e-02,1.047823e-02,1.569877e-02,-4.861748e-03,-1.397350e-02,3.135782e-03,2.457976e-03,-4.475021e-03,-1.378566e-02,-4.365553e-02,-1.224854e-02,0,2.081126e-03,0,0,0,0,0,0,0,0
149,1.490000,1.373041e-01,-3.735995e+01,-1.387418e+01,-1.304609e-01,-1.852624e+01,-1.954626e+01,-2.486768e+00,7.480524e+00,1.990954e+01,-9.904771e+00,2.191644e+00,-9.580047e+00,2.988955e+00,-1.738276e+01,-1.898646e-03,-1.178145e+01,-6.226942e+00,-4.255908e+00,-3.138392e+00,-4.110730e+00,-4.862924e+00,-3.931330e+00,-3.448481e+00,-2.386702e+00,4.285792e-01,5.181600e-01,7.694287e-01,1.171515e+00,1.436527e+00,1.575658e+00,1.906892e+00,2.592713e+00,1.872988e+02,6.574226e-01,-1.429998e-02,7.603798e-02,-8.059196e-02,4.062431e-01,4.932039e-01,9.131088e-02,-4.288706e-01,-1.008223e+00,3.751488e-01,1.872547e+00,4.693679e+00,1.173587e+00,-1.374803e+00,1.953574e-01,2.297094e+00,-1.374632e+00,-4.943547e-02,1.505703e-01,-5.274036e-02,-1.284598e-01,-4.957194e-02,5.624538e-02,6.340027e-03,4.859109e-02,-1.044185e-02,-9.818343e-03,3.521258e-03,-4.103339e-03,1.599324e-03,-8.193647e-03,-4.564520e-02,-4.052496e-02,0,6.698477e-03,0,0,0,0,0,0,0,0
150,1.500000,1.023762e-01,-3.685537e+01,-1.320627e+01,8.402538e-01,-1.804256e+01,-2.123023e+01,-3.134907e+00,7.642545e+00,2.115490e+01,-6.312141e+00,8.979089e+00,-6.228271e+00,-6.246898e-01,-1.822118e+01,2.373655e+00,-1.412484e+01,-6.190989e+00,-3.785398e+00,-2.996578e+00,-4.209840e+00,-4.971188e+00,-3.788656e+00,-3.328126e+00,-2.321087e+00,3.957068e-01,4.936877e-01,7.599767e-01,1.172005e+00,1.434615e+00,1.572144e+00,1.817059e+00,2.483252e+00,1.872988e+02,6.621324e-01,-9.754211e-03,1.721657e-01,1.372776e-01,1.002067e+00,5.219215e-01,-9.757684e-01,-3.868355e-01,-1.260673e+00,-7.246113e-02,5.413556e-01,1.454647e+00,9.605244e-01,-1.461659e+00,6.172504e-02,1.310078e+00,-1.326944e+00,7.309704e-02,1.618181e-01,-2.792597e-04,-7.244749e-02,-7.699561e-02,3.412657e-02,7.300143e-02,7.889831e-02,-1.110485e-02,-7.579172e-03,5.892617e-03,-8.533001e-04,6.286752e-03,2.772129e-03,-3.261318e-02,-2.994895e-02,0,2.531075e-03,0,0,0,0,0,0,0,0
151,1.510000,1.249783e-01,-3.672510e+01,-1.283527e+01,1.991307e+00,-1.802500e+01,-2.286219e+01,-3.385665e+00,8.141446e+00,2.227708e+01,-1.069152e+01,8.162974e+00,-2.379603e+00,3.574810e-01,-1.625283e+01,4.384884e+00,-1.507892e+01,-6.115372e+00,-3.758046e+00,-2.957409e+00,-4.069597e+00,-5.158666e+00,-3.679500e+00,-3.346894e+00,-2.223091e+00,4.063587e-01,5.076941e-01,7.850695e-01,1.198538e+00,1.482368e+00,1.598350e+00,1.885775e+00,2.512571e+00,1.872988e+02,6.675985e-01,-1.827680e-03,3.960533e-02,2.049800e-01,1.093819e+00,-1.090172e-01,-1.090614e+00,4.027701e-01,-1.650195e+00,-4.898968e-01,-1.088680e+00,-2.069787e+00,-5.005489e-02,-9.802904e-01,9.726782e-02,5.156505e-01,-6.236132e-01,1.295252e-01,3.811271e-02,1.289992e-02,-7.528734e-03,-8.964439e-02,-6.637935e-02,6.273966e-02,7.839999e-02,-8.220186e-03,-4.878536e-03,-7.331210e-03,-1.610101e-02,-2.565789e-03,-2.081597e-03,-3.060935e-02,-5.270171e-02,0,-4.163790e-03,0,0,0,0,0,0,0,0
152,1.520000,1.023687e-01,-3.672961e+01,-1.308023e+01,3.747769e+00,-1.814621e+01,-2.680893e+01,-3.753498e+00,3.232063e+00,1.906053e+01,-1.029547e+01,5.418243e-01,-9.050448e+00,-2.834797e+00,-1.577552e+01,3.356600e+00,-1.520315e+01,-5.850199e+00,-3.710466e+00,-2.889017e+00,-4.288187e+00,-5.247616e+00,-3.914281e+00,-3.068307e+00,-2.070914e+00,3.902799e-01,4.858661e-01,7.680879e-01,1.172269e+00,1.458123e+00,1.601080e+00,1.788401e+00,2.495655e+00,1.872988e+02,6.466936e-01,2.165663e-03,-2.127747e-01,-3.634911e-02,6.652778e-01,-3.216990e-01,6.212009e-01,1.768039e+00,-1.728425e+00,-1.928957e+00,-6.545393e-01,-3.700274e+00,-6.334316e-01,-3.548043e-01,-1.341412e+00,-8.167778e-01,9.715614e-02,1.035192e-01,-1.252197e-01,-9.280042e-02,2.855330e-02,-2.571716e-02,-1.859854e-01,5.150671e-02,1.592193e-02,-5.815205e-03,6.197551e-03,-1.068986e-02,-2.833600e-02,-1.350093e-02,-5.871260e-03,-1.206024e-02,-4.652319e-02,0,-5.144847e-03,0,0,0,0,0,0,0,0
153,1.530000,1.281695e-01,-3.722480e+01,-1.291229e+01,3.884875e+00,-1.901950e+01,-2.220998e+01,-1.636216e-01,1.434788e+00,1.850724e+01,-1.335651e+01,-3.938659e+00,-8.419232e+00,-8.074433e-01,-1.811925e+01,2.084881e+00,-1.436036e+01,-5.749711e+00,-4.102810e+00,-3.127673e+00,-4.109200e+00,-5.172932e+00,-4.200415e+00,-3.264693e+00,-2.119789e+00,3.901917e-01,4.976782e-01,7.287171e-01,1.090878e+00,1.411944e+00,1.550782e+00,1.768174e+00,2.323003e+00,1.872988e+02,6.443231e-01,-2.298405e-03,-1.452171e-01,-4.366960e-02,1.698160e-03,-4.068920e-01,1.638689e+00,2.547850e+00,-3.563515e-01,-2.670621e+00,-2.151953e-01,-1.722858e+00,8.063475e-01,4.934686e-01,-2.484377e+00,-1.040161e+00,5.986754e-01,3.052888e-02,-1.398756e-01,-1.138016e-01,1.160590e-01,1.650381e-02,-1.553694e-01,4.861045e-02,-3.137491e-02,-8.268654e-03,1.382976e-02,-1.210684e-02,-2.284759e-02,-1.678823e-02,-6.877542e-03,1.554815e-02,-4.359665e-02,0,-1.020908e-03,0,0,0,0,0,0,0,0
154,1.540000,1.116089e-01,-3.766939e+01,-1.334950e+01,3.219859e+00,-1.915380e+01,-1.845033e+01,4.094265e+00,2.353749e+00,1.339503e+01,-8.252345e+00,-3.471462e+00,-6.375615e+00,-1.816249e+00,-2.399503e+01,-5.602329e-01,-1.399834e+01,-5.856224e+00,-4.239115e+00,-3.375448e+00,-4.047272e+00,-5.092640e+00,-4.458126e+00,-3.111693e+00,-2.293128e+00,3.747143e-01,5.296834e-01,7.347036e-01,1.084155e+00,1.402322e+00,1.566572e+00,1.815558e+00,2.345420e+00,1.872988e+02,6.480460e-01,-3.803919e-03,-4.288635e-02,-3.799429e-02,-4.165446e-01,-1.074301e+00,1.670026e+00,2.347698e+00,1.689370e+00,-3.126381e+00,-9.961003e-01,1.086706e+00,1.519134e+00,1.001061e+00,-1.956612e+00,-1.009157e+00,3.764566e-01,-4.601993e-02,-1.139355e-01,-6.289675e-02,2.223025e-01,-1.765857e-02,-6.805835e-02,-1.515975e-02,-4.498003e-02,-2.095762e-03,2.379788e-02,-3.323012e-03,-1.054342e-02,-4.991794e-03,7.109559e-03,5.218170e-02,-1.612296e-02,0,6.031835e-03,0,0,0,0,0,0,0,0
155,1.550000,1.088662e-01,-3.698130e+01,-1.291898e+01,2.263753e+00,-1.955566e+01,-1.884805e+01,5.429704e+00,6.798846e+00,1.175673e+01,-1.278906e+01,1.555327e+00,3.147178e-01,2.315550e+00,-2.456495e+01,1.142496e+00,-1.268795e+01,-5.959715e+00,-4.193100e+00,-3.283201e+00,-3.609759e+00,-5.153635e+00,-4.184425e+00,-3.082148e+00,-2.268858e+00,3.727983e-01,5.549342e-01,7.412274e-01,1.128357e+00,1.426327e+00,1.581216e+00,1.949937e+00,2.369705e+00,1.872988e+02,6.618178e-01,-2.800812e-03,2.683601e-02,3.876019e-03,2.488418e-01,-1.265240e+00,-1.235044e-01,3.701633e-01,2.020695e+00,-2.659912e+00,-1.506603e+00,2.723559e+00,1.779923e-01,9.852470e-01,3.232144e-01,-4.521982e-01,-4.690256e-02,-4.217448e-02,8.058071e-04,2.303505e-02,1.387852e-01,-1.145466e-01,-3.328276e-03,-5.798206e-02,6.206512e-04,1.770431e-03,1.211918e-02,3.197801e-03,-4.248631e-03,2.580368e-03,1.542010e-02,4.372931e-02,1.457863e-02,-3.167969e-01,9.667623e-03,0,0,0,0,1.121940e+01,0,0,0
156,1.560000,9.300072e-02,-3.706580e+01,-1.326686e+01,2.475608e+00,-2.324963e+01,-2.013977e+01,5.188330e+00,8.996883e+00,6.803884e+00,-1.555969e+01,3.228360e+00,-5.821753e+00,6.090093e-01,-2.233572e+01,-1.217995e+00,-1.415707e+01,-5.975296e+00,-4.234999e+00,-3.125737e+00,-3.426395e+00,-5.345558e+00,-4.262568e+00,-3.235378e+00,-2.221279e+00,3.884978e-01,5.762275e-01,7.452176e-01,1.100812e+00,1.425973e+00,1.621411e+00,1.958428e+00,2.391689e+00,1.872988e+02,6.681054e-01,7.467246e-03,-1.549217e-01,-2.742243e-02,6.968099e-01,-1.567715e+00,-8.274952e-01,-9.624478e-01,2.108380e+00,-6.175513e-01,-1.750131e+00,2.397793e+00,-4.239279e-01,1.696481e+00,1.854789e+00,-9.594646e-01,-5.233221e-01,-7.210641e-02,3.275399e-02,7.483733e-02,9.023254e-02,-1.610188e-01,-1.040759e-02,-1.448807e-01,6.688690e-03,7.491603e-03,-1.570809e-03,-8.517670e-03,-2.081940e-02,-7.521248e-03,7.437634e-03,-1.437180e-02,-1.341939e-02,-1.041711e+00,1.169336e-02,0,0,0,0,2.800000e+01,0,0,0
157,1.570000,1.234695e-01,-3.739242e+01,-1.293424e+01,5.501210e+00,-2.329778e+01,-2.198278e+01,1.140162e+00,8.216699e+00,8.503251e+00,-1.723585e+01,6.329227e+00,-7.806202e+00,2.906163e+00,-1.733283e+01,1.527710e-01,-1.451551e+01,-5.901047e+00,-4.100839e+00,-3.137354e+00,-3.725713e+00,-5.619206e+00,-4.314835e+00,-3.492760e+00,-2.152611e+00,3.921521e-01,5.350021e-01,7.394491e-01,1.061306e+00,1.413020e+00,1.600463e+00,1.915386e+00,2.372761e+00,1.857148e+02,6.826314e-01,1.361883e-02,-4.242954e-01,-2.457795e-01,4.323413e-01,-1.076233e+00,-7.552158e-01,-1.816089e+00,1.412865e+00,2.080222e+00,5.543660e-01,1.329201e+00,6.819778e-01,1.880344e+00,1.243168e+00,-1.994492e+00,-4.355497e-01,-1.701893e-01,8.795138e-02,5.007172e-02,-2.441635e-02,-9.506302e-02,-3.979597e-02,-1.456217e-01,-3.172357e-02,6.296807e-03,-1.097168e-02,-9.745693e-03,-1.726159e-02,-6.608939e-03,-5.162001e-04,-3.859538e-02,2.222102e-02,-1.891486e+00,1.010746e-02,5.609700e+01,0,0,0,3.358546e+01,0,0,0
158,1.580000,1.416435e-01,-3.823844e+01,-1.347899e+01,5.085180e+00,-2.512131e+01,-2.102044e+01,1.426797e+00,1.218672e+01,1.193401e+01,-1.477961e+01,6.130552e+00,-4.434794e+00,6.370851e+00,-1.833715e+01,-4.862693e+00,-1.570117e+01,-6.246090e+00,-4.121475e+00,-3.074185e+00,-3.538133e+00,-5.664949e+00,-4.444959e+00,-3.630790e+00,-2.317809e+00,4.024954e-01,5.317954e-01,6.930044e-01,1.013584e+00,1.371369e+00,1.594137e+00,1.760975e+00,2.276795e+00,1.828822e+02,6.961060e-01,1.236913e-02,-2.602127e-01,-2.600233e-01,-7.845341e-01,-2.897951e-01,-2.442280e-01,-1.729143e+00,1.111326e+00,3.879663e+00,1.611129e+00,-2.332120e-01,3.048565e+00,1.922375e+00,-8.602833e-01,-2.135929e+00,1.196259e-01,-2.155563e-01,1.352412e-01,5.986402e-02,1.778762e-02,7.006054e-02,4.149718e-02,-5.816386e-02,-6.264357e-02,2.979276e-03,-1.330127e-02,-8.911287e-03,7.465041e-03,-6.765699e-03,-7.074189e-03,-4.973169e-02,2.845473e-02,-2.266068e+00,2.724421e-03,1.119515e+02,0,0,0,1.675636e+01,0,0,0
159,1.590000,1.526389e-01,-3.851645e+01,-1.404182e+01,3.120673e+00,-2.400098e+01,-2.218379e+01,-1.769977e+00,1.226825e+01,1.959277e+01,-1.040727e+01,6.750234e+00,3.031127e+00,8.836349e+00,-2.034840e+01,-7.007614e+00,-1.409365e+01,-6.675265e+00,-3.810105e+00,-3.058619e+00,-3.675972e+00,-5.469254e+00,-4.292210e+00,-3.612551e+00,-2.379211e+00,3.972835e-01,5.222918e-01,7.186056e-01,1.085664e+00,1.420584e+00,1.592272e+00,1.855687e+00,2.538257e+00,1.800496e+02,6.983549e-01,9.406142e-03,-4.339295e-02,-6.525431e-02,-1.584750e+00,1.100082e-02,1.694302e-01,-6.875683e-01,6.633388e-01,2.676706e+00,1.758564e+00,-1.351517e+00,2.651297e+00,7.748069e-01,-3.144861e+00,-1.866459e+00,5.575076e-01,-1.457954e-01,1.390311e-01,8.038211e-02,9.386273e-02,1.501653e-01,5.264563e-02,1.901412e-02,-7.783017e-02,1.685369e-03,-1.364207e-03,-3.257447e-03,2.358258e-02,4.907382e-03,-4.321575e-03,-1.301674e-02,5.189485e-02,-1.790874e+00,-5.144660e-02,1.119515e+02,0,0,0,-1.682910e+01,0,0,0
160,1.600000,1.402616e-01,-3.780484e+01,-1.401318e+01,-2.567946e-01,-2.434701e+01,-2.126040e+01,-2.002317e+00,1.252774e+01,2.065744e+01,-1.091833e+01,1.851797e+00,4.002408e+00,7.255791e+00,-2.512935e+01,-8.317448e+00,-1.376987e+01,-6.665968e+00,-3.704160e+00,-2.865784e+00,-3.362327e+00,-5.070231e+00,-4.066394e+00,-3.466302e+00,-2.421197e+00,4.008285e-01,5.160763e-01,7.110829e-01,1.125959e+00,1.388362e+00,1.590135e+00,1.739619e+00,2.451215e+00,1.788010e+02,6.738658e-01,6.729624e-03,2.545555e-01,2.364119e-01,-1.058097e+00,5.011751e-01,-5.997658e-02,3.914645e-01,-6.363570e-01,-2.910561e-01,3.042987e-01,-1.788957e+00,1.157906e-01,-4.709974e-01,-3.378999e+00,-1.473553e-01,3.665655e-01,6.497393e-02,8.851700e-02,6.206203e-02,1.006010e-01,1.081316e-01,3.167634e-02,9.887998e-02,-2.828877e-02,1.768213e-03,4.005611e-03,1.806939e-03,1.522702e-02,1.526034e-02,-3.195036e-03,2.497565e-02,5.737286e-02,-9.410995e-01,-8.010080e-02,5.585452e+01,0,0,0,-3.358546e+01,0,0,0
161,1.610000,1.711911e-01,-3.782618e+01,-1.299341e+01,2.484471e-01,-2.362993e+01,-2.101565e+01,-5.831220e-01,1.136288e+01,1.752506e+01,-1.037366e+01,1.711020e+00,1.231680e+00,6.337727e+00,-2.966104e+01,-7.452147e+00,-1.269362e+01,-6.420084e+00,-3.614341e+00,-2.839643e+00,-3.344302e+00,-5.165739e+00,-4.240889e+00,-3.479934e+00,-2.490067e+00,4.014124e-01,5.360406e-01,7.141226e-01,1.123031e+00,1.429061e+00,1.580856e+00,1.860980e+00,2.545026e+00,1.788010e+02,4.365185e-01,1.208420e-02,5.163421e-02,2.553264e-01,8.109927e-03,1.093497e+00,6.465321e-01,1.943828e+00,-7.614148e-01,-2.718890e+00,-1.162167e+00,-1.400606e+00,-1.302013e+00,-3.232014e-01,-1.291928e+00,4.318489e-01,2.542219e-01,1.618005e-01,-1.345626e-01,-6.532367e-02,6.830826e-02,-1.092820e-02,-4.875431e-02,7.227097e-02,-2.228742e-02,1.240873e-03,1.750016e-02,8.026886e-03,-5.684805e-03,2.039243e-02,3.530633e-03,4.634992e-02,3.692608e-02,-2.497223e-01,-7.849912e-02,0,0,0,0,-2.797575e+01,0,0,0
162,1.620000,1.660155e-01,-3.731079e+01,-1.282113e+01,1.230806e+00,-2.280096e+01,-2.190439e+01,2.790693e+00,9.457621e+00,1.151258e+01,-1.327492e+01,-2.946241e-01,-2.956118e+00,5.265175e+00,-3.057583e+01,-5.377203e+00,-1.456836e+01,-6.048810e+00,-3.776772e+00,-2.873363e+00,-3.200963e+00,-5.276049e+00,-4.312237e+00,-3.202698e+00,-2.403825e+00,4.092720e-01,5.449491e-01,7.042806e-01,1.071035e+00,1.443432e+00,1.583870e+00,1.883207e+00,2.560275e+00,1.788010e+02,4.265201e-01,3.018779e-03,-1.486595e-01,-8.066845e-03,8.772451e-01,1.564936e+00,7.127081e-01,1.332062e+00,-1.527775e+00,-2.636035e+00,-2.190819e+00,-1.026970e+00,-1.655325e+00,3.758978e-01,2.521297e+00,7.315857e-01,2.875190e-01,1.550245e-01,-2.752172e-01,-1.950338e-01,-7.513142e-02,-6.429162e-02,-5.785360e-02,1.646931e-02,1.593876e-02,-2.335239e-03,1.766978e-02,1.659900e-02,-8.425700e-03,2.378983e-02,7.991290e-03,4.884690e-02,4.810407e-02,0,-3.470838e-03,0,0,0,0,-1.117090e+01,0,0,0
163,1.630000,2.001830e-01,-3.850531e+01,-1.336121e+01,2.417423e+00,-1.930652e+01,-1.862914e+01,5.552657e+00,9.996239e+00,1.057075e+01,-1.503981e+01,8.204138e-01,3.240903e-04,8.215650e+00,-2.408481e+01,-6.318491e+00,-1.242329e+01,-6.174841e+00,-4.446612e+00,-3.381448e+00,-3.415113e+00,-5.420986e+00,-4.413060e+00,-3.382998e+00,-2.499334e+00,3.992661e-01,5.953562e-01,7.621412e-01,1.084702e+00,1.495011e+00,1.613058e+00,2.015643e+00,2.668358e+00,1.788010e+02,4.295321e-01,-1.432150e-02,-2.326298e-01,-2.761397e-01,5.201226e-01,1.501864e+00,1.582786e+00,-3.692529e-01,-1.516477e+00,-1.369176e+00,-2.633811e+00,-1.245787e+00,-7.303624e-01,9.377847e-01,4.743026e+00,-1.997239e-01,6.445128e-01,7.136621e-02,-3.364029e-01,-2.561332e-01,-1.389710e-01,3.387732e-02,2.011876e-02,-7.654357e-02,4.560471e-03,-5.141988e-03,1.460869e-02,1.870443e-02,1.117005e-02,2.306247e-03,7.127166e-03,-1.037171e-02,1.519711e-02,0,6.855198e-02,0,0,0,0,0,0,0,0
164,1.640000,1.408596e-01,-3.820858e+01,-1.386962e+01,3.044943e+00,-1.868403e+01,-1.889012e+01,1.590107e+00,5.572187e+00,1.095442e+01,-1.953935e+01,-2.837752e+00,-3.658538e+00,8.196319e+00,-1.531099e+01,-5.226347e+00,-1.246744e+01,-6.013467e+00,-4.664111e+00,-3.570051e+00,-3.702579e+00,-5.264065e+00,-4.269577e+00,-3.432423e+00,-2.336869e+00,3.902254e-01,5.747674e-01,7.700686e-01,1.102995e+00,1.474337e+00,1.613990e+00,1.906522e+00,2.630069e+00,1.788010e+02,6.600048e-01,-3.215871e-02,-1.480858e-01,-9.661484e-03,-4.301415e-01,6.396548e-01,1.226350e+00,-2.404007e+00,-1.966953e+00,-4.672092e-01,-1.130750e+00,-3.959623e-01,-3.410175e-01,3.599785e-01,3.581075e+00,-1.100505e+00,9.510465e-01,1.145711e-02,-1.166084e-01,-1.420338e-01,-1.396226e-01,1.297174e-01,6.475840e-02,-1.348084e-01,-4.403069e-02,-3.744921e-03,2.385396e-03,1.105128e-02,1.755023e-02,-1.226783e-02,-2.377164e-03,-4.888179e-02,-3.670645e-03,0,6.894676e-02,0,0,0,0,0,0,0,0
165,1.650000,1.121616e-01,-3.854044e+01,-1.384986e+01,1.941991e+00,-1.817908e+01,-1.460886e+01,-1.829094e+00,5.723215e+00,1.095826e+01,-2.041050e+01,-3.246352e+00,-2.068922e+00,9.561078e+00,-1.357833e+01,-8.526195e+00,-1.052151e+01,-6.080925e+00,-4.852686e+00,-3.771965e+00,-3.788349e+00,-5.002344e+00,-4.161625e+00,-3.747789e+00,-2.500743e+00,3.852258e-01,5.941749e-01,7.747507e-01,1.162902e+00,1.425140e+00,1.601431e+00,1.797464e+00,2.586114e+00,1.788010e+02,6.625361e-01,-3.504036e-02,-4.268646e-04,3.167485e-01,-1.237823e+00,-3.800461e-01,2.445442e-01,-3.042170e+00,-2.445947e+00,-8.404729e-01,5.633947e-01,4.945147e-01,-3.036841e-01,-9.876735e-01,5.873362e-01,-1.117253e+00,5.578583e-01,-2.139378e-03,1.310026e-01,4.762673e-03,-7.112312e-02,1.523477e-01,6.282501e-02,-1.013484e-01,-8.178437e-02,1.309046e-03,-1.033585e-02,1.597393e-03,8.862901e-03,-1.728370e-02,-8.892608e-03,-4.907334e-02,-1.714377e-02,0,3.934250e-02,0,0,0,0,0,0,0,0
166,1.660000,4.923263e-02,-3.803366e+01,-1.262511e+01,-6.821863e-01,-2.016641e+01,-1.778278e+01,-5.538467e+00,1.759366e+00,8.982781e+00,-1.624333e+01,-2.410525e-01,-3.626582e+00,6.392353e+00,-1.792369e+01,-9.775876e+00,-1.076402e+01,-6.038483e+00,-4.156777e+00,-3.388273e+00,-3.712458e+00,-4.836783e+00,-4.114162e+00,-3.694345e+00,-2.623274e+00,3.975676e-01,5.574667e-01,7.532322e-01,1.119686e+00,1.417029e+00,1.577797e+00,1.747887e+00,2.583044e+00,1.788010e+02,6.547520e-01,-1.119167e-02,-1.890182e-03,3.960359e-01,-1.402458e+00,-4.195412e-01,-8.598096e-01,-1.261108e+00,-1.244420e+00,-8.848212e-01,1.991793e+00,1.638360e+00,9.292332e-01,-8.691522e-01,-1.103498e+00,-3.963189e-01,-1.228428e-03,-6.475005e-02,2.192110e-01,1.026475e-01,4.301000e-02,5.887794e-02,3.990469e-02,6.570077e-03,-9.016471e-02,5.556670e-03,-1.071566e-02,2.306306e-03,2.258062e-04,1.017975e-02,6.721735e-04,1.633763e-02,1.823449e-03,0,-9.952987e-03,0,0,0,0,0,0,0,0
167,1.670000,7.079465e-02,-3.859490e+01,-1.239972e+01,-1.908128e+00,-2.046556e+01,-1.796008e+01,-6.093904e+00,-3.270862e-01,7.354208e+00,-1.387085e+01,1.994637e+00,-1.534074e+00,4.179265e+00,-1.984177e+01,-9.629990e+00,-1.048571e+01,-6.173030e+00,-4.045266e+00,-3.448524e+00,-3.765789e+00,-4.872889e+00,-4.176642e+00,-3.758779e+00,-2.765054e+00,4.021402e-01,5.523273e-01,7.785463e-01,1.120670e+00,1.437246e+00,1.586691e+00,1.849594e+00,2.606152e+00,1.788010e+02,6.288710e-01,8.411780e-03,1.103943e-01,8.530922e-02,-9.398945e-01,-2.989141e-01,-1.683282e+00,1.335320e+00,9.947473e-01,2.851079e-01,1.678448e+00,7.696480e-01,1.381518e+00,-3.479637e-01,6.563034e-02,1.132457e+00,-4.858577e-01,-1.078866e-01,9.272554e-02,1.607298e-01,1.287036e-01,-4.026151e-02,3.932457e-02,1.332947e-01,-1.128995e-02,7.680833e-03,-7.826298e-03,-6.334656e-03,-7.080257e-03,1.751845e-02,8.926475e-03,3.701894e-02,-3.272982e-02,6.878052e-01,-3.003019e-03,0,0,0,0,1.467129e+01,0,0,4.291564e-02
168,1.680000,1.055847e-01,-3.819080e+01,-1.261451e+01,-2.042288e+00,-1.963850e+01,-2.151356e+01,-2.583029e+00,2.375238e+00,8.332344e+00,-1.285021e+01,2.733551e+00,7.202045e-01,6.541464e+00,-1.769675e+01,-6.656044e+00,-1.249148e+01,-6.291165e+00,-3.971766e+00,-3.218534e+00,-3.498809e+00,-5.034403e+00,-4.062545e+00,-3.394078e+00,-2.655537e+00,4.095515e-01,5.421129e-01,7.797024e-01,1.125239e+00,1.519182e+00,1.624721e+00,1.962146e+00,2.629168e+00,1.788010e+02,6.270724e-01,3.330272e-02,3.197479e-01,-2.489657e-01,-4.266804e-01,-5.257578e-01,-1.002863e+00,3.282391e+00,3.799107e+00,2.112697e+00,4.343337e-01,-2.484115e-01,1.486384e+00,8.974658e-01,2.067244e+00,2.284032e+00,-1.066730e-01,-1.464158e-01,-1.117229e-01,2.008794e-01,2.083919e-01,-5.799251e-02,5.731795e-02,1.555822e-01,7.311372e-02,8.865917e-03,1.993686e-03,-1.080983e-02,6.098926e-03,1.667690e-02,1.509448e-02,3.574761e-02,-5.272708e-02,2.299765e+00,1.333860e-02,0,0,0,0,3.693581e+01,2.054930e-03,0,1.128360e-01
169,1.690000,1.260445e-01,-3.790990e+01,-1.342862e+01,-2.077430e+00,-1.993761e+01,-2.115988e+01,3.369789e+00,1.038902e+01,1.270902e+01,-1.371481e+01,-8.854146e-01,2.665276e+00,7.746704e+00,-1.336365e+01,-4.423824e+00,-1.208707e+01,-6.494017e+00,-4.481564e+00,-3.053186e+00,-3.251655e+00,-5.104841e+00,-3.990811e+00,-3.231449e+00,-2.541061e+00,4.176380e-01,5.627204e-01,7.298424e-01,1.124724e+00,1.461656e+00,1.622602e+00,1.875430e+00,2.399403e+00,1.822400e+02,6.613608e-01,3.858396e-02,4.869640e-01,-1.198305e-01,-5.484545e-01,-1.437257e+00,-4.749201e-01,3.216632e+00,4.204690e+00,2.875041e+00,-1.864590e-01,-5.887943e-01,6.406694e-01,1.263823e+00,2.136290e+00,2.408264e+00,2.112577e-01,-1.327903e-01,-1.234307e-01,2.662174e-01,2.521864e-01,-9.486914e-03,3.899496e-02,8.867860e-02,8.430674e-02,9.649262e-03,5.664110e-03,-2.036517e-02,-8.369279e-03,-1.102917e-02,-3.907776e-03,-1.838796e-02,-9.764607e-02,4.608571e+00,2.770304e-02,7.335647e+01,0,0,2.145782e-01,5.921525e+01,1.864422e-02,1.398657e-02,1.608959e-01
170,1.700000,1.881213e-01,-3.677742e+01,-1.335549e+01,-2.730937e+00,-2.305918e+01,-2.119720e+01,6.141643e+00,1.539685e+01,1.686886e+01,-1.414968e+01,-4.308398e-02,1.705663e+00,9.095963e+00,-1.082653e+01,-9.588003e-01,-1.049670e+01,-6.610069e+00,-4.497242e+00,-2.581545e+00,-2.927565e+00,-5.010769e+00,-3.920488e+00,-3.180099e+00,-2.369702e+00,4.341483e-01,5.622386e-01,7.235351e-01,1.148154e+00,1.488209e+00,1.635315e+00,1.913708e+00,2.422783e+00,1.885803e+02,7.052001e-01,3.444376e-02,3.909634e-01,1.150634e-01,-6.603376e-01,-2.325368e+00,-2.384846e-01,1.053705e+00,1.571701e+00,2.457373e+00,1.795063e-02,-2.210671e-01,-6.159829e-01,5.183223e-01,3.837437e-01,2.318395e+00,4.538794e-01,-9.154634e-02,2.682414e-02,2.345130e-01,1.502063e-01,4.594898e-02,-2.376049e-02,-2.912309e-02,4.954944e-02,6.455177e-03,-1.446486e-04,-1.048748e-02,-2.009201e-02,-2.286113e-02,-2.205766e-02,-3.624401e-02,-5.633788e-02,6.089026e+00,2.431279e-02,1.480008e+02,1.027465e-02,0,4.568907e-01,4.461582e+01,2.642513e-02,2.097986e-02,1.084367e-01
171,1.710000,2.224461e-01,-3.686677e+01,-1.262838e+01,-4.306076e+00,-2.594150e+01,-2.049286e+01,5.626921e+00,1.418556e+01,1.746115e+01,-1.415341e+01,4.389836e-01,1.176543e+00,9.221128e+00,-1.259543e+01,-4.372903e-01,-1.042681e+01,-6.677530e+00,-4.399681e+00,-2.435931e+00,-2.790479e+00,-4.932140e+00,-4.052696e+00,-3.422376e+00,-2.486438e+00,4.380881e-01,5.705850e-01,7.048041e-01,1.067367e+00,1.397587e+00,1.561856e+00,1.781873e+00,2.221114e+00,1.969542e+02,7.283223e-01,6.559715e-03,1.705742e-01,2.437022e-01,-6.554275e-01,-2.198789e+00,-7.980959e-01,-7.625772e-01,-1.708556e+00,1.376395e+00,5.151570e-01,-2.031271e-01,-1.206925e+00,2.808223e-01,-1.450228e+00,2.115753e+00,4.872867e-01,-3.214931e-02,1.819924e-01,1.526787e-01,3.379221e-02,6.421866e-02,-7.371819e-02,-4.840972e-02,2.368636e-02,1.890692e-03,-7.282359e-03,-6.945789e-04,-3.324908e-02,-1.747257e-02,-2.696032e-02,-2.696818e-02,4.626059e-03,5.667399e+00,4.490942e-03,2.220759e+02,8.808375e-02,6.993285e-02,5.760339e-01,2.155762e-01,2.334273e-02,2.097986e-02,-2.863050e-02
172,1.720000,2.296027e-01,-3.675755e+01,-1.243931e+01,-4.229653e+00,-2.826339e+01,-2.303949e+01,1.556928e+00,8.335471e+00,1.824314e+01,-1.254116e+01,9.660167e-01,-1.615344e+00,8.395864e+00,-1.616214e+01,2.942662e+00,-1.105221e+01,-6.657140e+00,-3.878587e+00,-2.354597e+00,-2.978365e+00,-4.891008e+00,-4.150405e+00,-3.444230e+00,-2.435102e+00,4.316023e-01,5.374573e-01,7.397841e-01,1.053458e+00,1.436911e+00,1.544806e+00,1.827704e+00,2.436623e+00,2.018891e+02,7.151556e-01,-2.306421e-02,-9.472694e-02,4.888544e-02,-9.673576e-02,-1.201458e+00,-1.277816e+00,-1.609026e+00,-3.092703e+00,4.923643e-01,7.534198e-02,-1.785955e+00,-1.722838e+00,-7.422888e-01,-1.842643e+00,2.069531e+00,1.301208e+00,5.448065e-02,1.624537e-01,3.182616e-02,-1.185723e-01,2.721705e-02,-8.654837e-02,-1.343026e-02,2.257123e-02,-2.604413e-03,-1.148455e-02,2.688444e-03,-2.159059e-02,-1.321573e-02,-1.387105e-02,-1.624095e-02,3.963940e-02,3.765315e+00,-1.269519e-02,1.487194e+02,8.808375e-02,6.993285e-02,3.614557e-01,-4.440025e+01,-3.082394e-03,0,-1.370672e-01
173,1.730000,1.381023e-01,-3.706696e+01,-1.266820e+01,-4.605210e+00,-2.832945e+01,-2.422922e+01,1.849260e+00,5.376927e+00,1.890385e+01,-1.194329e+01,-2.405600e+00,-1.708844e+00,9.500865e+00,-1.794698e+01,4.204208e+00,-9.372882e+00,-6.631228e+00,-3.880930e+00,-2.403266e+00,-3.057294e+00,-4.843628e+00,-4.244443e+00,-3.341432e+00,-2.389929e+00,4.283644e-01,5.386992e-01,7.182450e-01,1.005826e+00,1.399942e+00,1.533055e+00,1.783590e+00,2.415613e+00,2.039227e+02,6.788378e-01,-2.986574e-02,-1.095696e-02,-5.013809e-02,8.809081e-01,2.167129e-03,-1.088151e+00,-1.340605e+00,-2.116161e+00,1.367092e-01,-1.053711e+00,-1.991724e+00,-1.247561e+00,-4.570778e-01,-4.293039e-01,1.968016e+00,1.969364e+00,1.536913e-01,6.496191e-02,-3.376045e-02,-1.597559e-01,-2.371411e-02,-4.139538e-02,2.941814e-02,6.728403e-02,-5.495608e-03,-1.068437e-02,-1.316810e-03,6.390405e-03,6.933570e-04,9.359467e-03,4.538250e-03,5.829265e-02,1.597054e+00,-1.663671e-02,7.407505e+01,7.780911e-02,6.993285e-02,1.191432e-01,-5.928712e+01,-2.642513e-02,-2.097986e-02,-1.513523e-01
174,1.740000,1.149722e-01,-3.715096e+01,-1.309116e+01,-3.065049e+00,-2.787250e+01,-2.571810e+01,-1.465352e-02,4.337649e+00,1.860933e+01,-1.487803e+01,-7.550568e+00,-5.465836e+00,5.244650e+00,-1.736398e+01,7.068105e+00,-4.517626e+00,-6.360816e+00,-3.944350e+00,-2.438747e+00,-3.387019e+00,-4.918940e+00,-4.257356e+00,-3.287722e+00,-2.305100e+00,4.259881e-01,5.207587e-01,7.302569e-01,1.070971e+00,1.420953e+00,1.580360e+00,1.831644e+00,2.523730e+00,2.039227e+02,6.664665e-01,-1.786470e-02,-1.275631e-01,-2.050265e-01,1.307317e+00,8.258623e-01,-2.617863e-01,-1.405360e+00,-1.975510e-01,-4.574446e-01,-2.234406e+00,-9.631721e-01,-8.118681e-01,-4.597066e-01,-1.645970e-01,5.213816e-01,1.305278e+00,1.509027e-01,-4.757199e-02,-1.150306e-01,-1.678805e-01,-8.064065e-02,9.125519e-03,-1.610773e-02,3.798742e-02,-5.616668e-03,-3.789532e-03,-5.021560e-03,2.153735e-02,4.584074e-04,1.486888e-02,3.140926e-04,1.379530e-02,4.067230e-01,-6.868166e-03,0,0,0,0,-3.715139e+01,-2.539766e-02,-2.097986e-02,-8.420546e-02
175,1.750000,1.304327e-01,-3.672485e+01,-1.255315e+01,-4.838370e-01,-2.612611e+01,-2.459431e+01,-2.903125e-01,5.603662e+00,1.796161e+01,-1.825353e+01,-5.261343e+00,-3.136015e+00,8.511346e+00,-1.414103e+01,7.340067e+00,-3.847289e+00,-6.057235e+00,-4.041990e+00,-2.562658e+00,-3.384932e+00,-5.036745e+00,-4.206197e+00,-3.353539e+00,-2.215019e+00,4.134172e-01,5.255124e-01,7.029837e-01,1.090562e+00,1.409033e+00,1.590876e+00,1.802594e+00,2.469023e+00,2.039227e+02,6.694834e-01,-2.280219e-03,-2.255425e-01,-2.850901e-01,1.773352e+00,1.161352e+00,-1.908896e-01,-2.223008e+00,1.034631e+00,6.760235e-02,-1.452295e+00,9.064849e-01,-1.111992e+00,-3.803078e-01,6.640873e-02,-8.266659e-01,-2.550909e-01,7.326193e-02,-2.560380e-02,-1.332134e-01,-2.140270e-01,-1.261261e-01,3.172665e-02,-6.693435e-02,1.585004e-02,-5.868298e-03,-5.616569e-03,-6.128609e-03,2.760460e-02,2.929652e-03,1.081753e-02,-1.630271e-03,-1.922441e-02,0,4.884225e-03,0,0,0,0,-1.481501e+01,-1.556182e-02,-1.398657e-02,-2.382864e-02
176,1.760000,1.441140e-01,-3.756642e+01,-1.352197e+01,2.462459e-01,-2.523574e+01,-2.416587e+01,-4.400087e+00,7.234348e+00,1.642705e+01,-2.055806e+01,-2.421972e+00,-4.961099e+00,6.592090e+00,-1.888810e+01,3.981641e+00,-7.288618e+00,-6.189623e+00,-4.035917e+00,-2.850054e+00,-3.653949e+00,-5.197653e+00,-4.123901e+00,-3.518715e+00,-2.332620e+00,4.109926e-01,5.251031e-01,7.223069e-01,1.118777e+00,1.434657e+00,1.590240e+00,1.819773e+00,2.478894e+00,2.039227e+02,6.854920e-01,3.656857e-03,-3.613186e-01,-2.276242e-01,1.376653e+00,1.478629e+00,-3.642565e-01,-2.258368e+00,1.735767e+00,9.470431e-01,3.984371e-01,1.313770e+00,-1.675138e+00,-1.668275e+00,-6.721711e-01,-2.019397e+00,-1.901705e+00,-1.103764e-02,1.821365e-02,-9.418774e-02,-2.318686e-01,-1.219062e-01,5.833001e-02,-6.192665e-02,-3.568106e-02,-3.433505e-03,-5.930328e-03,-7.721150e-03,1.529307e-02,2.340317e-04,2.981186e-04,-1.420059e-02,-3.630266e-02,0,5.992246e-03,0,0,0,0,0,0,0,0
177,1.770000,1.121303e-01,-3.798695e+01,-1.387824e+01,2.605901e+00,-2.384106e+01,-2.595978e+01,-7.073061e+00,9.101731e+00,2.033301e+01,-1.636475e+01,-4.374736e-01,-7.521173e+00,6.925606e+00,-1.685288e+01,1.614112e+00,-9.262840e+00,-6.350515e+00,-3.963165e+00,-2.863680e+00,-3.993964e+00,-5.334902e+00,-4.152538e+00,-3.560607e+00,-2.296919e+00,4.065207e-01,5.084442e-01,6.915769e-01,1.119947e+00,1.407738e+00,1.582203e+00,1.781375e+00,2.341909e+00,2.039227e+02,6.937461e-01,8.692876e-03,-3.283676e-01,4.449444e-02,4.732673e-01,1.439356e+00,-1.010546e+00,-1.740196e+00,1.357922e+00,1.977706e+00,2.443122e+00,-4.363382e-01,-2.445658e+00,-3.019001e+00,5.578232e-02,-1.536997e+00,-1.883105e+00,-4.449701e-02,6.326072e-02,1.916296e-02,-2.198282e-01,-5.187593e-02,6.012261e-02,-5.191040e-03,-8.102453e-02,-8.698523e-04,-9.163341e-03,-6.757224e-03,8.315479e-03,-2.347577e-03,-3.153944e-03,-2.981097e-02,-2.943373e-02,0,3.545308e-03,0,0,0,0,0,0,0,0
178,1.780000,1.424077e-01,-3.832650e+01,-1.356673e+01,2.273347e+00,-2.162188e+01,-2.685665e+01,-7.915117e+00,1.126745e+01,2.215884e+01,-1.383024e+01,-3.393653e+00,-1.164895e+01,-2.303856e+00,-1.936891e+01,-1.659009e-01,-1.131838e+01,-6.269365e+00,-3.892694e+00,-2.759175e+00,-4.241846e+00,-5.379393e+00,-3.992536e+00,-3.493821e+00,-2.442555e+00,4.122688e-01,4.996412e-01,6.973545e-01,1.132744e+00,1.422770e+00,1.586187e+00,1.771251e+00,2.405774e+00,2.039227e+02,6.842963e-01,1.113958e-02,-7.483558e-02,5.183927e-01,-6.356996e-01,1.202152e+00,-3.301987e-01,4.398616e-01,8.265905e-02,1.731440e+00,2.367295e+00,-1.455659e+00,-1.416898e+00,-2.056201e+00,1.527058e+00,-4.072985e-01,-9.168499e-01,2.442646e-03,9.922433e-03,7.951877e-02,-5.082347e-02,5.585575e-02,3.880563e-02,3.538160e-02,-6.989150e-02,-8.065522e-04,-3.432679e-03,-7.417619e-04,3.033555e-03,-4.541206e-03,-5.475187e-03,-1.803673e-02,2.160983e-02,0,-1.500809e-03,0,0,0,0,0,0,0,0
179,1.790000,1.747503e-01,-3.798664e+01,-1.230830e+01,8.689486e-01,-2.073627e+01,-2.830165e+01,-7.233780e+00,1.037672e+01,2.498424e+01,-9.401833e+00,-6.957194e+00,-1.202038e+01,-2.135684e+00,-1.362172e+01,1.728855e+00,-1.124793e+01,-6.239850e+00,-3.797298e+00,-2.512283e+00,-4.190124e+00,-5.205255e+00,-3.971267e+00,-3.391941e+00,-2.565173e+00,4.084298e-01,4.924266e-01,6.816738e-01,1.125156e+00,1.403238e+00,1.577133e+00,1.677800e+00,2.358415e+00,2.039227e+02,6.878077e-01,2.354421e-03,-4.577865e-02,5.450389e-01,-2.074543e+00,-3.386116e-02,5.243435e-01,1.740541e+00,-1.132217e+00,-8.364926e-02,5.936707e-01,-1.126560e+00,4.214492e-01,-5.624416e-02,1.155776e+00,-7.152632e-01,-5.055847e-01,-4.146538e-02,-3.960297e-02,5.201883e-02,1.708004e-01,1.350859e-01,-2.792287e-03,-6.468535e-04,-8.666492e-02,2.910748e-03,1.054557e-02,1.007291e-02,-1.775503e-03,1.395762e-03,-3.888762e-03,4.439890e-03,5.405607e-02,0,-9.712100e-04,0,0,0,0,0,0,0,0
180,1.800000,1.685020e-01,-3.794075e+01,-1.171498e+01,-2.063776e+00,-2.077738e+01,-2.464593e+01,-2.120420e+00,7.010147e+00,2.275863e+01,-1.220305e+01,-6.440408e+00,-9.795983e+00,8.417313e-01,-1.286839e+01,1.887776e+00,-1.088032e+01,-6.232743e+00,-4.069238e+00,-2.628158e+00,-3.809986e+00,-4.983198e+00,-4.020508e+00,-3.426140e+00,-2.547950e+00,4.060053e-01,5.159485e-01,7.235497e-01,1.131340e+00,1.414201e+00,1.565399e+00,1.781376e+00,2.578690e+00,2.039227e+02,6.809571e-01,-1.798041e-02,-4.954376e-02,2.434389e-01,-1.640272e+00,-6.175934e-01,1.360851e+00,2.264879e+00,-2.181432e+00,-1.371463e+00,-5.358299e-01,8.749298e-01,1.978695e+00,1.211599e+00,-1.604557e-02,-1.805180e+00,-4.157332e-01,-4.599576e-02,-4.082821e-02,-4.395056e-02,2.174419e-01,1.117257e-01,-6.465588e-02,-4.604187e-02,-1.628013e-02,2.115107e-03,1.358409e-02,1.267943e-02,-8.920980e-03,-5.376911e-03,-4.140711e-03,1.094654e-02,4.391174e-02,0,2.689958e-04,0,0,0,0,0,0,0,0
181,1.810000,1.108553e-01,-3.840872e+01,-1.207893e+01,-5.598253e+00,-2.443262e+01,-2.444342e+01,-1.267703e+00,5.569295e+00,1.961487e+01,-1.420999e+01,-4.546895e+00,-6.340410e+00,5.071592e+00,-1.432426e+01,-2.989043e+00,-1.200979e+01,-6.576153e+00,-4.072908e+00,-2.669094e+00,-3.355891e+00,-4.857570e+00,-4.152513e+00,-3.597682e+00,-2.677546e+00,4.242062e-01,5.530184e-01,7.288439e-01,1.111771e+00,1.419001e+00,1.573153e+00,1.798512e+00,2.525731e+00,2.039227e+02,6.905597e-01,-2.276530e-02,-8.517685e-02,-1.494491e-01,-4.609498e-01,-3.722881e-01,2.008682e+00,7.729455e-01,-1.802721e+00,-2.406408e+00,-1.036299e+00,2.564576e+00,2.073084e+00,-4.122697e-01,-1.777628e+00,-2.907162e+00,-1.054716e+00,6.309557e-03,-1.336336e-04,-1.540030e-01,8.852740e-02,3.571811e-02,-3.466544e-02,-8.848286e-02,3.054380e-03,2.112916e-03,7.734341e-03,1.799206e-02,-4.169452e-03,5.072451e-03,4.823780e-03,5.994105e-03,3.084135e-02,0,-2.215993e-03,0,0,0,0,0,0,0,0
182,1.820000,8.445311e-02,-3.836319e+01,-1.246422e+01,-2.694415e+00,-2.286167e+01,-2.198151e+01,4.262403e-01,2.764004e+00,1.798621e+01,-1.410531e+01,-2.241538e-01,-4.595459e+00,1.504997e-01,-1.909787e+01,-6.832853e+00,-1.301611e+01,-6.331192e+00,-3.959030e+00,-2.900522e+00,-3.571753e+00,-4.994606e+00,-4.225192e+00,-3.621161e+00,-2.467769e+00,4.149562e-01,5.372658e-01,7.371666e-01,1.094832e+00,1.388004e+00,1.567474e+00,1.765628e+00,2.541674e+00,2.039227e+02,6.842653e-01,-1.664906e-02,3.774681e-02,-3.917705e-01,1.030941e+00,4.073471e-01,1.513753e+00,-1.218006e+00,-1.075338e+00,-1.710815e+00,-1.795373e-01,2.522695e+00,5.083309e-01,-1.495784e+00,-9.808705e-01,-1.482778e+00,-7.678128e-01,7.346492e-02,3.184187e-02,-1.627716e-01,-1.297062e-01,-2.130194e-02,1.883454e-02,-5.684156e-02,3.555741e-02,-1.201591e-03,-7.762176e-03,1.425672e-02,2.221072e-03,7.879829e-03,1.178948e-02,-2.261254e-02,-7.681608e-03,0,-6.753707e-03,0,0,0,0,0,0,0,0
183,1.830000,1.029482e-01,-3.820131e+01,-1.268092e+01,-1.120481e+00,-2.155556e+01,-1.959045e+01,-4.642382e+00,3.486190e+00,1.533841e+01,-1.363220e+01,2.757558e+00,-4.255221e+00,-3.851417e+00,-1.939512e+01,-8.446641e+00,-1.545362e+01,-6.159077e+00,-3.853070e+00,-3.146116e+00,-3.866604e+00,-5.020960e+00,-4.042252e+00,-3.736845e+00,-2.589992e+00,4.145190e-01,5.204397e-01,7.648256e-01,1.122563e+00,1.441699e+00,1.600214e+00,1.715645e+00,2.531130e+00,2.039227e+02,6.750737e-01,-1.033966e-03,2.909554e-01,-3.838224e-01,1.310358e+00,9.949341e-01,1.010602e+00,-2.255780e+00,4.537712e-01,-1.221738e+00,-3.473712e-01,1.331190e+00,-1.169057e+00,-9.129900e-01,6.548620e-01,1.054648e+00,3.343866e-01,1.132363e-01,-3.192813e-02,-1.070324e-01,-1.888292e-01,-7.355070e-03,1.072197e-01,4.966187e-03,3.580942e-02,-1.567492e-03,-1.297239e-02,1.216348e-02,1.540314e-02,1.003449e-02,1.103164e-02,-2.317318e-02,-2.960062e-02,0,-1.490978e-02,0,0,0,0,0,0,0,0
184,1.840000,8.921021e-02,-3.785572e+01,-1.337283e+01,8.520448e-01,-2.017917e+01,-1.950365e+01,-6.523109e+00,2.675009e+00,1.634278e+01,-1.338963e+01,2.520840e+00,-8.296923e+00,-2.175685e+00,-1.523731e+01,-2.797317e+00,-1.299747e+01,-6.073956e+00,-4.019948e+00,-3.203505e+00,-4.203161e+00,-5.008013e+00,-3.981466e+00,-3.640766e+00,-2.413940e+00,4.048409e-01,4.934269e-01,7.768424e-01,1.137050e+00,1.442251e+00,1.610816e+00,1.709747e+00,2.537583e+00,2.039227e+02,6.549316e-01,5.515074e-03,4.449818e-01,-6.120471e-01,5.714155e-01,1.721855e-01,-4.028118e-01,-2.093796e+00,1.420655e+00,-1.049847e+00,-8.394179e-01,-7.073247e-01,-1.197238e+00,1.659622e+00,1.537419e+00,2.377298e+00,1.162531e+00,1.852665e-02,-8.083217e-02,-3.215194e-03,-5.422404e-02,2.833338e-02,1.182215e-01,9.174819e-02,5.031152e-02,3.125617e-03,-2.257741e-03,5.467111e-03,1.949335e-02,1.330370e-02,1.064048e-02,1.104702e-02,-3.636169e-02,0,-1.922501e-02,0,0,0,0,0,0,0,0
185,1.850000,1.033069e-01,-3.720768e+01,-1.354373e+01,-8.196940e-01,-2.079919e+01,-2.062934e+01,-9.071927e+00,7.882648e+00,1.432790e+01,-1.630469e+01,7.365592e-01,-1.033496e+01,1.669734e+00,-1.298023e+01,2.664286e-01,-1.034718e+01,-6.138589e+00,-4.202090e+00,-3.052764e+00,-3.984333e+00,-4.887642e+00,-3.738277e+00,-3.563048e+00,-2.525414e+00,4.214264e-01,5.100759e-01,7.698234e-01,1.167678e+00,1.442050e+00,1.606640e+00,1.710586e+00,2.379774e+00,2.039227e+02,6.306776e-01,7.872507e-05,6.109287e-01,-1.022390e+00,4.708323e-01,-2.267414e-01,-3.192892e-01,3.600082e-01,1.945949e+00,-1.348202e+00,-9.297508e-01,-1.189893e+00,2.256382e-01,3.439449e+00,7.678893e-01,2.015931e+00,1.110826e+00,-3.962355e-02,-1.482524e-01,1.973317e-02,1.120997e-01,2.952738e-02,7.905678e-02,1.920973e-01,1.509424e-01,5.213574e-03,1.158244e-02,-9.657383e-04,1.154989e-02,5.435908e-03,1.109254e-03,4.182686e-02,-1.917601e-02,0,-1.406066e-02,0,0,0,0,0,0,0,0
186,1.860000,1.118491e-01,-3.663509e+01,-1.509305e+01,1.226846e-02,-2.237893e+01,-2.347613e+01,-7.827970e+00,7.669053e+00,1.324223e+01,-1.696615e+01,-2.750278e+00,-7.541780e+00,5.688034e+00,-1.461822e+01,6.971007e-01,-9.756679e+00,-6.248803e+00,-4.188681e+00,-2.963274e+00,-3.784008e+00,-4.919599e+00,-3.786072e+00,-3.249318e+00,-2.248501e+00,4.271306e-01,5.311590e-01,7.620032e-01,1.169741e+00,1.454347e+00,1.617463e+00,1.823392e+00,2.435544e+00,2.039227e+02,6.103383e-01,1.398925e-03,8.253143e-01,-1.269339e+00,1.033277e+00,-5.479959e-01,5.192274e-01,1.541654e+00,1.936421e+00,-2.097456e+00,-1.614516e+00,-9.993008e-01,1.730658e+00,3.864516e+00,-5.525396e-01,-1.240427e-01,4.452019e-01,1.362033e-02,-1.262747e-01,-7.957411e-03,2.327318e-01,2.526588e-02,6.012607e-02,2.191973e-01,2.597159e-01,-1.915699e-03,2.040016e-02,-5.475432e-03,-9.542430e-03,2.862477e-03,-8.673012e-03,4.428338e-02,-2.589126e-02,0,-4.615094e-02,0,0,0,0,0,0,0,0
187,1.870000,9.202236e-02,-3.575698e+01,-1.693276e+01,1.653569e+00,-2.158940e+01,-1.920066e+01,-2.189911e+00,1.071891e+01,1.014768e+01,-1.649269e+01,-5.563502e-01,-3.504602e+00,9.413968e+00,-1.586522e+01,-1.141944e-01,-1.151988e+01,-6.269772e+00,-4.509966e+00,-3.167566e+00,-3.515682e+00,-4.917531e+00,-3.744665e+00,-2.972083e+00,-1.918000e+00,4.294420e-01,5.594859e-01,7.674165e-01,1.163967e+00,1.462831e+00,1.602437e+00,1.867957e+00,2.486269e+00,2.039227e+02,6.270670e-01,8.815855e-03,1.044474e+00,-1.409198e+00,1.752020e+00,-3.588276e-01,1.498344e+00,1.561563e+00,1.430498e+00,-1.114182e+00,-7.640005e-01,-6.900624e-02,1.239519e+00,2.808115e+00,-7.938981e-01,-9.252225e-01,2.607571e-01,8.430119e-02,-6.483074e-02,-8.967662e-03,1.703589e-01,6.730175e-02,7.304923e-02,2.109478e-01,3.700624e-01,-1.304685e-02,1.230512e-02,-1.287043e-02,-2.642994e-02,-1.532748e-02,-1.606517e-02,3.733993e-04,-6.894197e-02,0,-5.730634e-02,0,0,0,0,0,0,0,0
188,1.880000,1.018471e-01,-3.445449e+01,-1.802501e+01,4.781796e+00,-2.252405e+01,-1.762185e+01,-2.255849e+00,1.093898e+01,7.945610e+00,-2.136821e+01,-1.829209e+00,-3.058811e+00,1.327478e+01,-1.655751e+01,-3.227219e+00,-1.018511e+01,-5.940263e+00,-4.497383e+00,-3.185891e+00,-3.273828e+00,-4.866739e+00,-3.677642e+00,-2.840262e+00,-1.419068e+00,3.912546e-01,5.707228e-01,7.506687e-01,1.091193e+00,1.446174e+00,1.569552e+00,1.852479e+00,2.354879e+00,2.039227e+02,4.259822e-01,2.652179e-02,1.265467e+00,-1.054512e+00,2.313977e+00,4.683876e-02,1.847288e+00,-3.076487e-01,1.107571e+00,2.674767e-01,-4.516152e-01,-7.914684e-01,-7.799246e-01,1.696054e+00,-2.440109e-02,-1.232858e+00,1.023608e+00,2.178181e-01,1.631837e-02,4.092047e-02,4.459042e-02,1.491189e-01,1.172861e-01,1.555953e-01,3.819125e-01,-2.129933e-02,-7.547736e-05,-1.572630e-02,-2.452322e-02,-3.272277e-02,-1.903067e-02,-4.717248e-02,-1.143241e-01,0,-5.868440e-02,0,0,0,0,0,0,0,0
189,1.890000,1.523872e-01,-3.307560e+01,-1.912374e+01,5.555641e+00,-2.252077e+01,-1.606476e+01,-4.050174e+00,1.340017e+01,1.140530e+01,-1.792366e+01,-6.900676e-02,-6.378852e+00,1.191694e+01,-1.598007e+01,-2.397524e+00,-8.829177e+00,-5.871353e+00,-4.371892e+00,-2.986294e+00,-3.387629e+00,-4.577563e+00,-3.427246e+00,-2.712837e+00,-1.089818e+00,3.741301e-01,5.518196e-01,7.111385e-01,1.074802e+00,1.369500e+00,1.550270e+00,1.697910e+00,2.075396e+00,2.039227e+02,4.363240e-01,3.050702e-02,1.315327e+00,-1.073231e+00,2.427248e+00,5.236776e-01,1.182619e+00,-2.596508e+00,4.839873e-01,2.532566e+00,1.355651e+00,-2.211854e+00,-2.077177e+00,4.237890e-02,9.148274e-02,-9.999527e-01,1.096091e+00,2.340372e-01,1.326940e-01,9.710260e-02,-1.395300e-01,2.382442e-01,1.687367e-01,1.588253e-01,3.704535e-01,-1.496456e-02,-1.188262e-02,-1.657247e-04,6.990290e-03,-3.006703e-02,-6.591582e-03,-5.000914e-02,-5.344665e-02,0,-4.432528e-02,0,0,0,0,0,0,0,0
190,1.900000,2.142757e-01,-3.164845e+01,-1.927012e+01,9.631117e+00,-2.167905e+01,-1.580764e+01,-8.436082e+00,1.186628e+01,1.395081e+01,-1.850874e+01,-6.951292e+00,-1.000428e+01,1.291682e+01,-1.468280e+01,-4.325526e+00,-5.983990e+00,-5.358922e+00,-4.176126e+00,-2.849308e+00,-3.625082e+00,-4.343988e+00,-3.358351e+00,-2.600964e+00,-7.530290e-01,3.482899e-01,5.346147e-01,7.115107e-01,1.091707e+00,1.337399e+00,1.548393e+00,1.672553e+00,2.069360e+00,2.039227e+02,4.122878e-01,6.138627e-03,1.245246e+00,-1.177013e+00,2.151993e+00,1.223832e+00,8.012424e-01,-2.847327e+00,1.912391e-01,2.674844e+00,2.317535e+00,-3.065797e+00,-1.702921e+00,-4.115834e-01,-1.198329e+00,-1.408022e+00,5.983633e-01,2.276597e-01,1.749170e-01,7.464440e-02,-1.792081e-01,2.731720e-01,1.929245e-01,2.217730e-01,3.177456e-01,-5.356374e-03,-1.508598e-02,1.665744e-02,3.613438e-02,-1.468840e-02,5.149198e-03,-2.884421e-02,5.945635e-02,0,-5.513787e-03,0,0,0,0,0,0,0,0
191,1.910000,1.883432e-01,-3.058336e+01,-2.167636e+01,1.136515e+01,-1.939351e+01,-1.419467e+01,-1.208233e+01,1.267520e+01,1.980791e+01,-1.114417e+01,-9.054580e+00,-1.041775e+01,9.804843e+00,-1.634516e+01,-4.564804e+00,-8.139987e+00,-5.390256e+00,-4.007124e+00,-2.850345e+00,-4.037704e+00,-3.987685e+00,-3.060627e+00,-2.297605e+00,-3.987515e-01,3.761016e-01,5.181268e-01,7.861668e-01,1.198661e+00,1.366883e+00,1.580058e+00,1.707873e+00,2.361796e+00,2.039227e+02,4.122878e-01,-2.332569e-02,1.109677e+00,-1.063737e+00,1.108356e+00,1.083333e+00,3.980812e-01,-2.611073e+00,-2.396629e-01,1.754835e+00,1.241810e+00,-3.214921e+00,-3.024667e-01,4.864058e-01,-2.641059e+00,-2.078189e+00,-8.733459e-02,1.874417e-01,2.005577e-01,5.637372e-02,-3.263388e-02,2.915256e-01,2.153733e-01,2.290621e-01,2.440329e-01,-1.820359e-03,-6.617344e-03,2.353780e-02,4.208934e-02,1.146805e-03,6.783724e-03,-1.680195e-03,1.209928e-01,0,-7.436156e-04,0,0,0,0,0,0,0,0
192,1.920000,1.145623e-01,-2.947439e+01,-2.263377e+01,1.263701e+01,-1.796852e+01,-1.455068e+01,-1.247640e+01,1.225766e+01,1.711852e+01,-1.317028e+01,-1.266541e+01,-9.553967e+00,1.227291e+01,-2.236661e+01,-9.183689e+00,-7.537889e+00,-5.042513e+00,-3.805182e+00,-2.880644e+00,-3.844831e+00,-3.795819e+00,-2.896329e+00,-1.939013e+00,-1.758726e-01,3.634870e-01,5.121393e-01,7.964417e-01,1.209936e+00,1.374040e+00,1.580404e+00,1.703276e+00,2.508961e+00,2.039227e+02,4.104314e-01,-3.703240e-02,7.677025e-01,2.463610e-01,-5.746439e-01,6.180679e-01,5.997397e-01,-1.312548e+00,-9.915166e-01,7.169946e-01,3.226894e-01,-1.311641e+00,7.088351e-01,1.847011e+00,-2.336177e+00,-1.374621e+00,-3.136997e-02,1.657144e-01,2.179356e-01,7.943616e-02,1.458178e-01,2.922766e-01,1.686938e-01,8.699609e-02,3.119942e-02,-8.709187e-03,1.172459e-03,7.650125e-03,2.461525e-02,-2.976692e-03,2.122593e-03,8.354520e-03,9.686804e-02,-2.792969e-02,5.827182e-02,0,0,0,0,1.348312e+01,0,0,0
193,1.930000,8.561543e-02,-2.861425e+01,-2.276060e+01,9.594476e+00,-1.895936e+01,-1.470283e+01,-1.508538e+01,1.200617e+01,1.859561e+01,-1.438384e+01,-1.328655e+01,-8.116342e+00,1.467092e+01,-2.534346e+01,-1.035939e+01,-8.488900e+00,-5.092349e+00,-3.554576e+00,-2.688757e+00,-3.440924e+00,-3.394020e+00,-2.581391e+00,-1.898502e+00,-1.582317e-01,3.574297e-01,5.299706e-01,7.863620e-01,1.226134e+00,1.356913e+00,1.568183e+00,1.674148e+00,2.460560e+00,2.039227e+02,4.335341e-01,-1.974276e-02,5.436817e-01,2.540119e+00,-1.844777e+00,7.719809e-01,1.156085e+00,-9.509153e-01,-3.660070e+00,-6.476177e-01,-1.331163e+00,-3.474151e-01,9.780022e-01,2.836704e+00,1.285803e+00,4.003084e-01,4.777955e-01,3.456594e-01,3.148032e-01,1.132101e-01,2.492068e-01,3.235700e-01,1.051232e-01,-1.374212e-01,-2.339384e-01,-2.070563e-02,1.371598e-03,8.265019e-04,-4.155469e-03,-1.443455e-02,-3.879523e-03,9.511697e-03,3.861640e-02,-1.098267e-01,9.614845e-02,0,0,0,0,3.363158e+01,0,0,8.222021e-04
194,1.940000,8.047751e-02,-2.879449e+01,-1.749620e+01,7.643234e+00,-1.880578e+01,-1.255486e+01,-1.349730e+01,7.243216e+00,1.814193e+01,-1.527546e+01,-1.139351e+01,-7.610809e+00,1.971883e+01,-2.186453e+01,-8.301338e+00,-5.966383e+00,-4.679304e+00,-3.312722e+00,-2.532921e+00,-3.194383e+00,-3.179438e+00,-2.754500e+00,-2.365535e+00,-7.172918e-01,3.140799e-01,5.345551e-01,7.496638e-01,1.201047e+00,1.327500e+00,1.564944e+00,1.731189e+00,2.504318e+00,2.037830e+02,6.930237e-01,1.209910e-02,4.610174e-01,4.372407e+00,-2.693995e+00,2.371728e+00,2.415545e+00,-1.885646e+00,-7.179123e+00,-2.244802e+00,-2.145195e+00,8.181949e-01,1.378959e+00,1.599523e+00,5.584294e+00,2.478470e+00,9.847727e-02,6.087871e-01,5.070689e-01,7.316184e-02,1.844509e-01,3.979462e-01,1.339552e-01,-2.845218e-01,-4.470382e-01,-2.408929e-02,-1.128106e-02,2.469276e-02,-1.110532e-02,-6.442559e-03,2.170205e-03,4.007978e-02,3.003416e-02,-2.439270e-01,1.083458e-01,6.741560e+01,0,0,0,5.373316e+01,2.864696e-03,4.905164e-03,1.223467e-02
195,1.950000,1.066717e-01,-2.820490e+01,-1.154455e+01,4.638151e+00,-1.511498e+01,-9.412163e+00,-1.632646e+01,-3.117923e+00,1.605812e+01,-1.674739e+01,-1.142760e+01,-6.499322e+00,2.026540e+01,-1.016719e+01,-3.004437e+00,-6.536762e+00,-3.843564e+00,-2.679338e+00,-2.458156e+00,-3.116894e+00,-2.678025e+00,-2.605926e+00,-2.771450e+00,-1.297734e+00,2.972770e-01,5.137768e-01,8.136883e-01,1.182328e+00,1.317980e+00,1.568391e+00,1.741475e+00,2.557199e+00,2.034434e+02,7.517338e-01,5.719503e-02,7.909363e-01,4.599653e+00,-2.841258e+00,4.769174e+00,2.913703e+00,-2.957282e+00,-9.887070e+00,-4.850606e+00,-4.067150e+00,8.357035e-01,1.519959e+00,-6.143371e-01,8.067789e+00,3.684289e+00,-3.100495e-02,9.045793e-01,6.942124e-01,-4.676626e-02,1.078633e-01,4.575284e-01,2.739462e-01,-1.669722e-01,-4.464858e-01,-2.334255e-02,-3.006528e-02,5.758207e-02,-1.037771e-02,1.267681e-02,9.770846e-03,5.243187e-02,3.716404e-02,-3.719208e-01,8.144690e-02,1.344501e+02,0,0,4.111011e-03,5.362349e+01,4.653111e-03,7.419424e-03,2.977627e-02
196,1.960000,1.645296e-01,-2.737397e+01,-6.379759e+00,1.645196e+00,-8.032077e+00,-5.118290e+00,-2.128409e+01,-1.607590e+01,7.163260e+00,-2.271448e+01,-9.503909e+00,-3.467682e+00,1.747328e+01,-2.033279e+00,-4.688138e-01,-8.021572e+00,-2.622970e+00,-1.707456e+00,-2.630135e+00,-3.084591e+00,-2.164085e+00,-2.214286e+00,-2.925148e+00,-1.841313e+00,2.731169e-01,4.638309e-01,9.062424e-01,1.176312e+00,1.361294e+00,1.591151e+00,1.870011e+00,2.610812e+00,2.029427e+02,7.930605e-01,9.796757e-02,1.155383e+00,3.135962e+00,-2.501459e+00,6.338294e+00,2.486893e+00,-4.090004e+00,-9.566290e+00,-5.116911e+00,-5.785785e+00,1.095574e-01,1.354206e+00,-3.225234e+00,7.237756e+00,4.183475e+00,4.543062e-01,9.536003e-01,7.545217e-01,-1.488282e-01,1.811223e-02,4.737512e-01,4.743418e-01,5.463355e-02,-2.410109e-01,-1.768339e-02,-4.046957e-02,7.386062e-02,4.566181e-03,2.885706e-02,7.142925e-03,4.429143e-02,2.244163e-02,-3.822708e-01,1.978961e-02,2.014408e+02,1.432348e-02,2.452582e-02,5.911786e-02,3.357380e+01,5.247171e-03,7.704636e-03,3.927957e-02
197,1.970000,3.295645e-01,-2.536983e+01,-5.320558e+00,-1.612797e+00,-5.003481e-01,-3.852594e+00,-2.597839e+01,-2.576962e+01,-1.680805e-01,-3.100008e+01,-1.005284e+01,-2.588111e+00,1.272201e+01,5.079856e+00,4.145798e+00,-7.616331e+00,-1.597619e+00,-8.861465e-01,-2.873981e+00,-2.956504e+00,-1.614055e+00,-1.481767e+00,-2.453557e+00,-1.828650e+00,2.611985e-01,4.150063e-01,9.959831e-01,1.186613e+00,1.403400e+00,1.603933e+00,1.866896e+00,2.593133e+00,2.024832e+02,7.907502e-01,1.215275e-01,1.275917e+00,1.373045e+00,-1.050298e+00,6.465970e+00,4.807642e-01,-3.669024e+00,-6.426476e+00,-1.969513e+00,-6.127951e+00,-7.326609e-01,3.879841e-01,-5.389563e+00,4.344214e+00,3.598732e+00,1.713346e+00,7.592922e-01,5.995818e-01,-1.493125e-01,-1.198881e-01,3.626943e-01,5.465768e-01,2.563064e-01,5.725720e-02,-1.496754e-02,-3.987274e-02,6.375275e-02,2.027152e-02,3.387360e-02,3.965735e-03,2.905341e-02,6.862926e-03,-2.372360e-01,-2.856487e-03,2.011048e+02,1.610381e-02,2.483421e-02,1.193224e-01,1.379272e+01,1.574167e-03,7.284500e-04,2.861844e-02
198,1.980000,4.588690e-01,-2.443511e+01,-4.928382e+00,-1.738586e+00,5.578371e+00,-2.900181e+00,-2.912135e+01,-2.926239e+01,6.704712e-01,-3.707804e+01,-1.153311e+01,-2.795382e+00,7.364359e+00,6.700722e+00,9.040915e+00,-3.155068e+00,-1.034275e+00,-4.367096e-01,-3.069149e+00,-3.184017e+00,-1.342667e+00,-9.448707e-01,-2.251314e+00,-1.656888e+00,2.437022e-01,3.815925e-01,1.027820e+00,1.221735e+00,1.429075e+00,1.582887e+00,1.889935e+00,2.598559e+00,2.023517e+02,7.724636e-01,1.093667e-01,9.102686e-01,-7.552371e-02,5.137778e-01,5.448454e+00,-1.500506e+00,-1.727939e+00,-2.074702e+00,2.246282e+00,-4.977468e+00,-1.630365e+00,4.246412e-01,-6.852193e+00,1.646614e+00,2.444314e+00,1.689769e+00,3.547637e-01,2.324681e-01,-1.208219e-01,-2.425935e-01,1.723774e-01,4.757283e-01,3.280579e-01,2.797024e-01,-9.283136e-03,-2.513992e-02,4.351153e-02,3.370403e-02,2.388085e-02,1.596284e-03,-6.771994e-03,-1.227331e-02,-1.732483e-02,-1.762571e-02,2.019572e+02,1.818395e-02,2.610607e-02,1.387922e-01,6.423920e-01,-2.479373e-03,-6.309854e-03,2.263876e-02
199,1.990000,5.671394e-01,-2.329474e+01,-5.405012e+00,1.078553e+00,1.040965e+01,-8.117396e+00,-3.075295e+01,-2.865706e+01,9.456946e+00,-4.020537e+01,-1.407631e+01,-4.895552e+00,-1.627952e+00,7.186884e+00,1.023436e+01,-4.032866e-01,-8.414508e-01,-3.168029e-01,-2.985212e+00,-3.666622e+00,-1.275263e+00,-5.077491e-01,-1.826835e+00,-1.103660e+00,2.371467e-01,3.555323e-01,1.071663e+00,1.260974e+00,1.453457e+00,1.592352e+00,1.876780e+00,2.597640e+00,2.025527e+02,7.477499e-01,6.405089e-02,-8.009873e-02,-7.033435e-01,1.768996e+00,3.216533e+00,-2.556390e+00,8.855060e-01,2.910744e+00,4.659490e+00,-2.272102e+00,-5.062002e-01,1.061610e+00,-6.662776e+00,-1.589277e+00,3.898515e-01,-4.388548e-01,-1.244663e-01,-2.409392e-01,-8.362882e-02,-3.162993e-01,-1.461527e-01,2.177517e-01,2.193583e-01,2.445765e-01,-5.259202e-03,-8.966863e-04,8.472955e-03,3.529679e-02,1.584921e-02,7.804811e-03,-1.892071e-02,-3.840859e-02,1.427322e-01,-6.669627e-02,2.031555e+02,5.940603e-03,2.852123e-03,1.073661e-01,-1.290585e+01,-3.352718e-03,-6.641545e-03,1.102710e-02
200,2.000000,5.925756e-01,-2.386017e+01,-6.715151e+00,2.868410e+00,1.375520e+01,-1.048842e+01,-2.753651e+01,-2.500569e+01,1.358216e+01,-4.299918e+01,-1.564400e+01,-1.907558e-01,-9.612701e+00,5.146277e+00,8.708474e+00,-3.179249e+00,-1.227235e+00,-8.297880e-01,-3.178630e+00,-3.942499e+00,-1.471593e+00,-3.226533e-01,-1.598219e+00,-8.052960e-01,2.387271e-01,3.678683e-01,1.085960e+00,1.307652e+00,1.455669e+00,1.604923e+00,1.831209e+00,2.547192e+00,2.028214e+02,7.264321e-01,1.723806e-02,-1.308034e+00,-9.290935e-01,2.040382e+00,-2.672672e-02,-2.514896e+00,4.139756e+00,6.804907e+00,3.213620e+00,1.019400e+00,8.628567e-01,1.267426e+00,-4.180649e+00,-3.792994e+00,-1.184881e+00,-2.222758e+00,-5.273384e-01,-6.624612e-01,-9.052153e-02,-2.369691e-01,-5.150031e-01,-1.929491e-01,2.427535e-02,2.200751e-02,7.542968e-06,2.213964e-02,-4.225517e-02,1.550088e-02,-1.308000e-03,1.027480e-02,-4.776444e-02,-7.914865e-02,1.568665e-01,-1.340669e-01,2.036274e+02,7.008222e-03,3.967591e-03,1.782898e-01,-3.362262e+01,-3.168451e-03,-4.952085e-03,3.201539e-03
201,2.010000,5.829657e-01,-2.605779e+01,-7.943892e+00,4.928685e+00,1.149391e+01,-1.284042e+01,-2.234328e+01,-1.334425e+01,1.667352e+01,-3.940002e+01,-1.052839e+01,1.417623e+00,-1.210334e+01,-2.089307e+00,6.261276e+00,-9.798514e+00,-2.123470e+00,-1.894303e+00,-3.237385e+00,-4.158760e+00,-2.280355e+00,-7.041173e-01,-1.683313e+00,-1.031564e+00,2.373900e-01,4.173850e-01,1.009278e+00,1.320139e+00,1.469349e+00,1.631939e+00,1.801656e+00,2.426774e+00,2.029621e+02,4.802846e-01,-3.010981e-02,-2.448458e+00,-5.297427e-01,1.867711e+00,-3.981668e+00,-2.154688e+00,6.613360e+00,8.771339e+00,1.172897e-01,3.838286e+00,1.230985e+00,-6.576789e-01,-4.600667e-01,-5.060364e+00,-1.798933e+00,-2.539817e+00,-7.174901e-01,-8.771932e-01,-2.610648e-02,-8.994985e-02,-8.595125e-01,-6.686234e-01,-2.536764e-01,-2.792889e-01,2.429146e-03,3.640230e-02,-9.810598e-02,-2.051611e-02,-1.230353e-02,1.944923e-03,-5.143156e-02,-8.057301e-02,4.678360e-01,-1.505553e-01,1.357405e+02,4.928087e-03,2.695722e-03,1.547091e-01,-3.918554e+01,-1.604147e-03,-8.247984e-04,-1.381093e-02
202,2.020000,5.371462e-01,-2.959376e+01,-8.304410e+00,6.538260e+00,4.902607e+00,-1.311315e+01,-1.262740e+01,-2.894260e+00,1.313028e+01,-3.238371e+01,-8.992782e+00,3.851632e-01,-8.301194e+00,-7.626154e+00,5.103051e+00,-9.571243e+00,-3.029958e+00,-2.960265e+00,-3.395670e+00,-4.122794e+00,-3.415136e+00,-1.811432e+00,-2.201699e+00,-1.582898e+00,2.436182e-01,4.613644e-01,8.477365e-01,1.269657e+00,1.414589e+00,1.614467e+00,1.688675e+00,2.288249e+00,2.029314e+02,2.358616e-01,-6.054521e-02,-2.557393e+00,8.324242e-02,1.649225e+00,-6.886197e+00,-2.088923e+00,8.083555e+00,8.059303e+00,-1.569160e+00,5.182633e+00,5.665634e-01,-3.095618e+00,2.165353e+00,-4.528655e+00,-2.867337e+00,-1.385117e+00,-6.208431e-01,-7.657854e-01,1.264350e-01,1.182016e-01,-9.529901e-01,-9.617500e-01,-4.057749e-01,-3.584968e-01,6.677672e-03,3.744473e-02,-1.161745e-01,-6.179359e-02,-7.660484e-03,-4.421580e-03,-7.912969e-03,-1.699014e-02,1.827661e+00,-7.403098e-02,6.755161e+01,2.847953e-03,1.423853e-03,1.311283e-01,-1.438599e+01,6.608048e-04,-1.063090e-03,-1.490973e-02
203,2.030000,4.443051e-01,-3.267024e+01,-7.259096e+00,8.582183e+00,-5.072400e+00,-1.757847e+01,-5.140702e+00,4.143916e+00,1.026933e+01,-2.632167e+01,-1.124699e+01,-8.471906e+00,-4.584039e+00,-1.172872e+01,3.042401e+00,-9.906373e+00,-3.527540e+00,-3.637530e+00,-3.007224e+00,-4.026224e+00,-4.601054e+00,-3.106477e+00,-2.793477e+00,-2.111304e+00,2.468469e-01,4.907958e-01,7.002452e-01,1.177391e+00,1.412480e+00,1.597304e+00,1.690889e+00,2.324246e+00,2.048368e+02,2.402585e-01,-8.211461e-02,-1.735753e+00,2.099573e-01,1.111619e+00,-6.976226e+00,-1.994047e+00,7.611781e+00,4.559284e+00,-2.250100e+00,4.279293e+00,-1.501467e-01,-3.021238e+00,2.705298e+00,-4.026368e+00,-4.092444e+00,-8.878665e-01,-3.642718e-01,-4.343439e-01,2.195261e-01,2.977520e-01,-7.331576e-01,-8.774910e-01,-3.230782e-01,-2.082244e-01,7.359095e-03,3.167617e-02,-8.813500e-02,-7.767548e-02,-1.090538e-03,-1.079631e-02,2.422109e-02,5.557249e-02,4.300221e+00,7.260863e-02,7.526569e+01,0,0,6.189214e-02,3.201102e+01,3.089495e-03,1.366908e-03,4.065417e-03
204,2.040000,3.591798e-01,-3.334091e+01,-6.641336e+00,9.287786e+00,-1.239263e+01,-1.856401e+01,4.279980e+00,6.546740e+00,8.938455e+00,-2.362519e+01,-1.245188e+01,-1.072408e+01,-2.545583e+00,-1.267729e+01,-4.018776e+00,-1.005090e+01,-3.629416e+00,-3.787102e+00,-2.661536e+00,-3.417759e+00,-5.076194e+00,-3.930224e+00,-3.072012e+00,-2.057910e+00,2.673871e-01,5.183865e-01,6.596034e-01,1.070058e+00,1.445802e+00,1.600133e+00,1.847027e+00,2.513505e+00,2.110223e+02,4.762903e-01,-9.044183e-02,-3.735489e-01,-1.806799e-01,5.631436e-01,-3.970544e+00,-1.784062e+00,5.017967e+00,1.891951e+00,-1.842199e+00,2.116327e+00,5.799581e-01,-1.584585e+00,1.541016e+00,-4.107562e+00,-5.111326e+00,-1.863601e+00,-5.677814e-02,-9.154387e-02,2.030528e-01,3.489826e-01,-3.562093e-01,-4.215413e-01,-5.440073e-02,2.085476e-02,4.178773e-03,2.535488e-02,-4.011438e-02,-5.520646e-02,1.548980e-02,-6.140816e-03,7.109638e-02,9.186061e-02,7.126497e+00,1.481265e-01,1.619348e+02,1.277629e-02,0,1.501496e-01,5.619160e+01,5.823675e-03,4.016721e-03,1.666307e-02
205,2.050000,2.613758e-01,-3.286298e+01,-7.725642e+00,9.112016e+00,-1.473960e+01,-2.008523e+01,7.261931e+00,4.731670e+00,7.518942e+00,-2.238282e+01,-9.549577e+00,-8.133944e+00,-1.454650e+00,-1.969558e+01,-9.640029e+00,-1.399802e+01,-3.645100e+00,-3.652604e+00,-2.506822e+00,-3.022517e+00,-5.115614e+00,-4.032176e+00,-2.863548e+00,-1.835180e+00,2.623011e-01,5.472548e-01,6.626692e-01,1.031561e+00,1.448290e+00,1.585125e+00,1.843585e+00,2.592008e+00,2.204177e+02,7.231134e-01,-6.198668e-02,8.063642e-01,-9.209280e-01,2.774622e-01,1.419550e+00,-1.288861e+00,6.479406e-01,-5.834414e-01,-2.332751e+00,-1.512039e-01,1.406904e+00,-4.457097e-02,-4.854017e-01,-4.189085e+00,-3.670875e+00,-2.065758e+00,2.317958e-01,1.563245e-01,-5.833578e-03,1.401687e-01,2.237334e-02,1.815859e-01,2.683299e-01,1.928554e-01,-5.005687e-03,8.764749e-03,1.539484e-02,1.762235e-03,1.634045e-02,-2.997172e-03,5.036000e-02,5.142956e-02,8.894609e+00,1.289294e-01,2.486040e+02,1.541139e-02,1.024219e-02,1.655255e-01,4.802084e+01,8.690443e-03,1.190377e-02,1.360976e-02
206,2.060000,1.764017e-01,-3.136513e+01,-8.974537e+00,9.089061e+00,-1.011651e+01,-2.078008e+01,6.261116e+00,6.271618e+00,5.294482e+00,-2.377151e+01,-6.941698e+00,-7.706745e+00,-2.160809e+00,-2.418054e+01,-1.411236e+01,-1.684343e+01,-3.255069e+00,-3.410447e+00,-2.630607e+00,-2.879734e+00,-4.938903e+00,-3.456289e+00,-2.438667e+00,-1.616686e+00,2.567850e-01,5.599093e-01,6.659526e-01,1.066540e+00,1.474133e+00,1.589853e+00,1.967809e+00,2.613672e+00,2.307734e+02,7.350664e-01,-2.984255e-02,1.582730e+00,-1.262545e+00,8.701382e-02,5.772067e+00,-2.144312e+00,-3.219563e+00,-7.680919e-01,-3.325679e+00,-1.922608e+00,7.717538e-01,-9.728535e-01,-3.369160e+00,-2.886976e+00,-3.056092e-01,-1.926203e+00,4.640970e-01,2.606294e-01,-1.229817e-01,-1.294499e-01,2.092009e-01,6.758730e-01,5.195262e-01,2.648123e-01,-1.299491e-02,-1.324059e-02,3.882370e-02,6.103778e-02,2.121955e-02,2.933323e-03,1.970210e-02,4.887867e-03,9.165463e+00,6.150752e-02,2.618404e+02,2.426063e-02,1.638637e-02,1.626270e-01,2.350679e+01,8.693163e-03,1.389689e-02,-7.714676e-03
207,2.070000,2.257608e-01,-2.962631e+01,-1.069714e+01,1.006886e+01,8.872862e-01,-2.291474e+01,-2.891567e+00,1.364269e+00,4.275610e-01,-2.700453e+01,-6.967559e+00,-1.020343e+01,-7.203434e+00,-2.692253e+01,-1.026518e+01,-1.683890e+01,-2.555735e+00,-3.044235e+00,-3.051856e+00,-3.594393e+00,-4.557833e+00,-2.435515e+00,-1.768500e+00,-1.367638e+00,2.271195e-01,5.138581e-01,7.740448e-01,1.187961e+00,1.480016e+00,1.587458e+00,1.882298e+00,2.531311e+00,2.394343e+02,7.555172e-01,1.595467e-04,2.076658e+00,-1.181893e+00,-3.069451e-01,7.754942e+00,-3.049413e+00,-4.502565e+00,-7.696617e-01,-3.674566e+00,-2.727783e+00,-6.939530e-01,-1.262218e+00,-6.023607e+00,-4.094498e-01,2.368500e+00,-6.910374e-01,5.811722e-01,3.041239e-01,-1.260169e-01,-2.533652e-01,3.124792e-01,9.251937e-01,6.464499e-01,3.610078e-01,-1.337523e-02,-2.831293e-02,5.274089e-02,9.512037e-02,2.492423e-02,1.009152e-02,9.782481e-03,-1.010914e-02,8.581082e+00,1.420144e-02,2.654171e+02,3.771004e-02,5.132568e-02,1.237023e-01,6.827951e+00,7.980169e-03,1.204140e-02,-1.399966e-02
208,2.080000,2.277746e-01,-2.704560e+01,-1.146832e+01,9.244434e+00,8.654256e+00,-2.787081e+01,-6.741083e+00,4.389980e+00,-4.144248e+00,-3.092737e+01,-9.884120e+00,-1.455361e+01,-1.651699e+01,-2.349870e+01,-5.234247e+00,-1.826147e+01,-1.853613e+00,-2.788140e+00,-3.003927e+00,-3.779070e+00,-4.309081e+00,-1.349190e+00,-1.021904e+00,-9.676194e-01,2.200033e-01,4.688819e-01,7.980341e-01,1.297047e+00,1.536036e+00,1.613633e+00,1.926181e+00,2.568293e+00,2.473413e+02,7.676260e-01,2.993785e-02,2.132584e+00,-9.505504e-01,-8.436496e-01,6.569281e+00,-4.005357e+00,-3.303663e+00,-2.679112e-01,-3.413697e+00,-2.300316e+00,-1.943317e+00,-3.147794e-01,-6.380872e+00,1.732546e+00,3.201289e+00,1.204296e-01,5.055951e-01,3.064032e-01,-6.624818e-03,-1.463001e-01,3.173110e-01,8.844665e-01,6.659609e-01,4.142210e-01,-9.802595e-03,-2.926706e-02,4.248732e-02,8.504371e-02,2.090923e-02,7.603013e-03,-1.657538e-02,-6.918812e-03,7.937894e+00,1.273339e-02,2.710622e+02,4.509278e-02,4.894273e-02,1.324879e-01,6.008334e+00,1.101088e-03,1.932833e-03,-7.695834e-03
209,2.090000,2.364870e-01,-2.463946e+01,-1.238822e+01,7.499603e+00,1.464973e+01,-3.178693e+01,-8.749793e+00,1.824180e+00,-6.134520e+00,-3.244381e+01,-1.154813e+01,-1.102160e+01,-2.439459e+01,-2.208375e+01,-2.236585e+00,-1.674418e+01,-1.439967e+00,-2.443139e+00,-2.950246e+00,-3.839675e+00,-3.868129e+00,-4.597576e-01,-3.396796e-01,-3.546750e-01,2.138158e-01,4.512039e-01,8.603330e-01,1.391910e+00,1.541960e+00,1.623693e+00,1.913312e+00,2.564152e+00,2.550392e+02,7.778408e-01,3.922643e-02,1.614027e+00,-5.757307e-01,-1.174350e+00,4.113708e+00,-3.939036e+00,-1.554880e+00,6.340240e-01,-2.462152e+00,-1.081991e+00,-1.989470e+00,1.167218e+00,-4.244793e+00,2.653572e+00,1.552555e+00,6.762699e-01,3.194122e-01,2.716255e-01,8.559327e-02,1.919675e-02,2.554540e-01,6.439789e-01,5.287757e-01,3.352407e-01,-3.494310e-03,-1.658558e-02,3.410459e-02,5.629063e-02,1.921746e-02,7.060182e-03,1.113253e-02,9.684968e-03,7.703948e+00,1.041187e-02,2.781328e+02,4.489616e-02,5.417098e-02,1.105968e-01,7.002109e+00,-5.291217e-03,-8.783459e-03,7.857690e-03
210,2.100000,3.207278e-01,-2.319564e+01,-1.288175e+01,6.155439e+00,1.584868e+01,-3.637077e+01,-7.328085e+00,4.702106e+00,-8.492961e+00,-3.255345e+01,-1.436800e+01,-8.871556e+00,-2.546959e+01,-1.793719e+01,-2.120214e+00,-1.628864e+01,-1.284977e+00,-2.178980e+00,-2.714536e+00,-3.488593e+00,-3.697200e+00,-2.183403e-02,1.767271e-01,-5.206339e-02,2.144239e-01,4.449011e-01,8.352451e-01,1.389784e+00,1.547707e+00,1.609751e+00,1.869425e+00,2.562657e+00,2.626604e+02,7.875716e-01,6.124147e-02,7.805241e-01,-3.051837e-01,-1.185566e+00,1.781665e+00,-3.126309e+00,-1.190287e+00,3.741642e-01,-2.307076e+00,4.600107e-01,-1.161140e+00,1.079176e+00,-5.470051e-01,1.767178e+00,-4.960478e-01,1.365649e+00,1.420800e-01,2.421371e-01,9.234574e-02,6.790588e-02,1.652863e-01,3.253875e-01,3.428616e-01,1.261037e-01,3.541008e-04,-8.134812e-03,3.249954e-02,2.191030e-02,1.481099e-02,6.637609e-03,1.354580e-02,6.232881e-03,7.520853e+00,9.176505e-03,2.855242e+02,2.617302e-02,2.462787e-02,1.307006e-01,6.971573e+00,-8.356990e-03,-1.127500e-02,1.539573e-02
211,2.110000,3.754163e-01,-2.348115e+01,-1.286907e+01,5.741604e+00,1.785862e+01,-3.835994e+01,-1.037246e+01,4.378326e+00,-9.708840e+00,-3.160145e+01,-1.467297e+01,-7.208364e+00,-2.395110e+01,-1.643542e+01,-4.059419e+00,-1.444397e+01,-1.242992e+00,-1.990687e+00,-2.768585e+00,-3.643647e+00,-3.586503e+00,1.207017e-01,2.760625e-01,-1.492129e-01,2.124376e-01,4.429207e-01,9.259623e-01,1.423046e+00,1.570268e+00,1.624700e+00,1.966339e+00,2.582554e+00,2.702945e+02,7.976038e-01,3.673043e-02,4.168053e-02,-5.205240e-02,-1.330516e+00,-1.833193e-01,-2.243385e+00,-1.187318e+00,3.972418e-01,-3.101933e+00,3.682062e-01,-4.588327e-01,-5.361649e-01,1.516051e+00,3.580856e-03,-1.742783e+00,1.643005e+00,5.327337e-02,1.863613e-01,8.188801e-02,9.207954e-02,1.934094e-02,6.579830e-02,1.559356e-01,-9.707975e-02,2.906777e-03,-5.407208e-03,1.463175e-02,-7.627845e-04,1.482598e-02,7.316434e-03,3.544943e-02,1.928341e-02,7.138617e+00,6.799346e-03,2.931967e+02,2.071384e-02,1.956581e-02,1.638844e-01,5.991913e+00,-7.801075e-03,-1.064973e-02,1.582897e-02
212,2.120000,4.645173e-01,-2.372213e+01,-1.275381e+01,4.195606e+00,1.595813e+01,-4.021585e+01,-1.188118e+01,4.983728e+00,-1.389247e+01,-2.904849e+01,-1.412740e+01,-1.106434e+01,-1.947376e+01,-1.748697e+01,-6.803069e+00,-1.258334e+01,-1.241701e+00,-1.803680e+00,-2.633029e+00,-3.537555e+00,-3.623462e+00,-1.248170e-02,3.845325e-01,-4.398321e-01,2.224629e-01,4.323495e-01,9.277172e-01,1.391030e+00,1.595937e+00,1.646317e+00,1.967397e+00,2.590256e+00,2.773179e+02,8.036270e-01,9.101516e-03,-3.369320e-01,2.642576e-01,-1.498174e+00,-1.715087e+00,-3.017830e-01,-5.864182e-01,-3.554636e-01,-3.229464e+00,-9.952520e-01,-1.138492e-01,-1.713874e+00,1.463642e+00,-1.660726e+00,-1.212791e+00,2.417727e+00,4.527713e-02,1.311057e-01,5.281949e-02,1.290626e-01,-5.451141e-02,-1.107317e-01,-4.609155e-02,-2.213751e-01,2.346037e-03,-3.768644e-03,-1.086319e-02,-2.201169e-02,6.262970e-03,1.176202e-03,3.301598e-02,1.876702e-02,6.452231e+00,3.571487e-03,2.983882e+02,1.539899e-02,9.870341e-03,1.828227e-01,4.393069e+00,-3.678948e-03,-4.123806e-03,-4.355961e-03
213,2.130000,3.482445e-01,-2.416781e+01,-1.271245e+01,1.826938e+00,1.367840e+01,-4.108131e+01,-1.240983e+01,3.669578e+00,-1.894443e+01,-3.235525e+01,-1.396259e+01,-1.260603e+01,-1.981225e+01,-2.229095e+01,-8.609073e+00,-1.038181e+01,-1.195238e+00,-1.698982e+00,-2.581560e+00,-3.354797e+00,-3.808293e+00,-1.354423e-01,3.360956e-01,-6.461894e-01,2.243301e-01,4.304436e-01,8.872557e-01,1.387473e+00,1.591975e+00,1.641992e+00,2.041573e+00,2.646769e+00,2.834035e+02,8.038098e-01,-1.652973e-02,-6.931807e-01,9.177039e-01,-1.024395e+00,-3.846954e+00,2.836526e+00,1.063351e+00,-1.125786e+00,-2.089977e+00,-3.395508e+00,-7.703105e-01,-1.338608e+00,1.447627e+00,-2.012968e+00,7.498179e-02,2.671932e+00,4.874165e-02,5.507778e-02,2.491193e-02,2.574577e-01,-1.027988e-01,-3.517750e-01,-3.640859e-01,-2.935386e-01,-1.278117e-03,2.682936e-03,-4.749070e-02,-5.572052e-02,-1.302074e-02,-1.444902e-02,9.755624e-03,1.015530e-02,5.543350e+00,2.570689e-04,3.016604e+02,1.127780e-02,8.301103e-03,1.636806e-01,2.816711e+00,-1.452276e-03,-1.461001e-03,-1.964979e-02
214,2.140000,3.798213e-01,-2.453697e+01,-1.163877e+01,6.219031e-01,9.363351e+00,-3.651900e+01,-9.241490e+00,3.279163e+00,-2.002249e+01,-3.715281e+01,-1.529243e+01,-1.474209e+01,-2.022080e+01,-2.331306e+01,-5.909343e+00,-6.231088e+00,-1.082468e+00,-1.669304e+00,-2.543951e+00,-2.987706e+00,-3.858862e+00,-4.474205e-01,-8.374717e-02,-9.104508e-01,2.202078e-01,4.322964e-01,8.002825e-01,1.297512e+00,1.568169e+00,1.606986e+00,1.996888e+00,2.624384e+00,2.883671e+02,8.023260e-01,-3.449058e-02,-1.276783e+00,1.569215e+00,3.202777e-01,-5.082701e+00,6.259093e+00,1.760260e+00,-2.068524e+00,4.078075e-01,-5.563062e+00,-2.354700e+00,-1.753645e-01,2.407725e+00,-1.446203e+00,1.146525e+00,2.726873e+00,4.740114e-02,-8.315861e-03,-7.689853e-02,2.648667e-01,-8.408304e-02,-5.812058e-01,-7.285012e-01,-3.452193e-01,-6.026044e-03,9.476361e-03,-5.155417e-02,-7.349370e-02,-3.041731e-02,-2.472358e-02,9.276772e-03,3.168607e-03,4.657544e+00,-9.760618e-04,3.032577e+02,1.249630e-02,9.641197e-03,1.090227e-01,2.000113e+00,1.634272e-03,3.326576e-03,-3.052463e-02
215,2.150000,3.351156e-01,-2.653964e+01,-8.838071e+00,2.406481e+00,1.921243e+00,-2.602574e+01,-6.375555e+00,-3.983227e-01,-1.709372e+01,-4.452683e+01,-1.794201e+01,-1.206253e+01,-1.633945e+01,-2.358722e+01,-4.131372e+00,-4.260433e+00,-1.078900e+00,-1.782486e+00,-2.688564e+00,-2.631283e+00,-3.982797e+00,-1.420704e+00,-1.310227e+00,-1.381596e+00,2.071746e-01,4.563619e-01,7.522261e-01,1.191202e+00,1.519049e+00,1.572121e+00,2.000371e+00,2.616266e+00,2.924867e+02,7.995396e-01,-2.388618e-02,-1.761141e+00,1.879673e+00,1.714258e+00,-5.418200e+00,8.213629e+00,1.163621e+00,-3.207204e+00,2.024649e+00,-5.649915e+00,-3.635688e+00,6.970934e-01,3.997691e+00,-1.462802e+00,1.293145e+00,1.935120e+00,4.876544e-02,-1.764690e-02,-1.768434e-01,1.721838e-01,-2.615330e-02,-7.136110e-01,-9.379345e-01,-3.794645e-01,-7.886499e-03,3.517842e-03,-3.684037e-02,-7.139214e-02,-3.924652e-02,-2.680886e-02,-3.507066e-03,-3.531313e-03,3.905069e+00,-1.485801e-03,3.048455e+02,1.490381e-02,1.237538e-02,1.025354e-01,1.647665e+00,3.267995e-03,6.035871e-03,-2.128608e-02
216,2.160000,2.986288e-01,-2.892013e+01,-6.844921e+00,5.507223e+00,-3.576791e+00,-1.644817e+01,-6.097024e+00,-3.324941e+00,-1.277879e+01,-5.077802e+01,-2.391119e+01,-1.221292e+01,-9.171541e+00,-2.406986e+01,-3.309292e+00,-2.009660e+00,-1.062864e+00,-1.803507e+00,-2.964019e+00,-2.574978e+00,-3.956625e+00,-2.275880e+00,-2.434812e+00,-1.798225e+00,2.009104e-01,4.667722e-01,7.374611e-01,1.121697e+00,1.480314e+00,1.557634e+00,2.034382e+00,2.621351e+00,2.960641e+02,8.008818e-01,-1.368361e-02,-1.771640e+00,1.506454e+00,2.049803e+00,-4.223647e+00,6.822481e+00,-3.859939e-01,-3.188238e+00,2.322437e+00,-5.373121e+00,-4.570147e+00,6.001898e-01,4.403695e+00,-2.149137e+00,1.147206e+00,8.773700e-01,5.422829e-02,2.090026e-02,-1.839211e-01,4.703660e-02,2.531695e-02,-5.789067e-01,-8.313308e-01,-3.247772e-01,-6.758469e-03,-2.934301e-03,-1.405571e-02,-3.153687e-02,-3.612504e-02,-1.705667e-02,1.521480e-02,5.752158e-03,3.326028e+00,-1.063401e-03,3.067962e+02,2.175735e-02,2.446608e-02,6.077214e-02,1.588907e+00,3.357453e-03,6.628901e-03,-1.383901e-02
217,2.170000,2.694098e-01,-3.078193e+01,-5.711010e+00,7.955566e+00,-6.942527e+00,-1.004858e+01,-8.163962e+00,-9.064387e+00,-1.244304e+01,-5.379222e+01,-2.783165e+01,-1.038515e+01,-5.348428e+00,-2.922656e+01,-3.443372e+00,-2.816922e+00,-9.612131e-01,-1.720115e+00,-3.255743e+00,-2.700242e+00,-3.890178e+00,-2.789267e+00,-3.178045e+00,-2.099625e+00,1.945463e-01,4.307950e-01,7.344645e-01,1.118419e+00,1.439670e+00,1.532623e+00,2.005291e+00,2.630629e+00,2.990804e+02,7.971029e-01,2.829722e-02,-9.867569e-01,9.747238e-01,8.548476e-01,-2.975602e+00,3.469488e+00,-1.249674e+00,-2.948234e+00,1.419561e+00,-1.967859e+00,-3.634153e+00,-1.015372e+00,2.511818e+00,-2.497799e+00,1.091631e+00,1.971268e-01,6.277263e-02,6.617669e-02,-3.872223e-02,-1.731920e-02,9.549320e-02,-3.236217e-01,-4.719594e-01,-2.058316e-01,-2.354819e-03,-1.214633e-02,-4.866374e-03,-4.465365e-03,-3.146338e-02,-1.109848e-02,-8.242631e-03,6.616116e-04,2.854773e+00,2.361691e-03,3.081295e+02,2.298725e-02,3.106801e-02,8.137543e-02,1.441016e+00,2.662874e-03,3.938549e-03,-4.901071e-03
218,2.180000,3.442562e-01,-3.127402e+01,-5.670030e+00,8.096378e+00,-7.322997e+00,-1.039518e+01,-1.027726e+01,-8.328994e+00,-1.073564e+01,-5.938572e+01,-3.319835e+01,-1.257983e+01,-3.697838e+00,-3.123907e+01,-5.173144e-01,-2.565994e+00,-8.701701e-01,-1.595988e+00,-3.179967e+00,-2.718044e+00,-3.778587e+00,-2.657672e+00,-3.306492e+00,-2.175323e+00,1.927296e-01,4.304084e-01,7.388847e-01,1.176219e+00,1.427233e+00,1.541452e+00,2.070502e+00,2.645963e+00,3.017003e+02,7.982274e-01,5.959941e-02,3.192211e-01,4.136674e-01,-1.634529e+00,-2.381468e+00,2.788764e-01,-1.474588e+00,-2.861225e+00,-4.854962e-01,2.794738e+00,-1.516886e+00,-3.231596e+00,8.702309e-01,-5.068264e-01,5.861681e-01,1.462985e-01,1.583422e-02,6.776135e-02,1.881383e-01,7.234757e-02,2.575526e-01,-8.053744e-02,-2.183864e-02,-7.233874e-02,3.478825e-03,-3.602392e-03,3.433704e-04,-3.482211e-03,-2.787754e-02,-8.450592e-03,-3.051302e-02,-4.984951e-03,2.413141e+00,7.778483e-03,3.095602e+02,2.524184e-02,3.343938e-02,5.040761e-02,1.088257e+00,1.513165e-03,-4.511639e-04,8.098296e-03
219,2.190000,4.537880e-01,-3.029648e+01,-4.551897e+00,5.386141e+00,-1.108366e+01,-1.170479e+01,-1.053381e+01,-1.263747e+01,-1.101749e+01,-5.006227e+01,-3.146920e+01,-1.695593e+01,-6.517204e+00,-3.249161e+01,-6.920791e-02,-2.996632e+00,-8.613834e-01,-1.555362e+00,-2.774201e+00,-2.646346e+00,-3.594351e+00,-2.847917e+00,-3.234184e+00,-2.222205e+00,1.994909e-01,4.138121e-01,7.271824e-01,1.141614e+00,1.388272e+00,1.524720e+00,1.941098e+00,2.607268e+00,3.039424e+02,8.126753e-01,6.010059e-02,1.818506e+00,-2.072287e-01,-4.463774e+00,-1.531403e+00,-1.131254e+00,-1.112240e+00,-3.182462e+00,-2.593235e+00,9.838378e+00,1.854867e+00,-5.843701e+00,4.951302e-01,2.554638e+00,-1.652321e-01,4.322334e-01,-6.129766e-02,6.212131e-02,3.684000e-01,2.261800e-01,5.974051e-01,1.492746e-01,4.656735e-01,5.569737e-02,1.091574e-02,4.877505e-03,1.156261e-02,-2.768484e-02,-4.070896e-02,-2.401891e-02,-8.131121e-02,-8.012275e-02,1.863391e+00,1.333551e-02,3.106685e+02,2.647593e-02,2.758147e-02,8.321235e-02,2.141480e-01,1.800902e-04,-3.120966e-03,1.293475e-02
220,2.200000,5.044367e-01,-2.756676e+01,-5.356140e+00,-1.380709e+00,-1.341356e+01,-1.422568e+01,-1.228504e+01,-1.584453e+01,-1.591904e+01,-3.866930e+01,-2.967685e+01,-2.508551e+01,-4.235999e+00,-2.497147e+01,-2.065533e+00,-1.188312e+00,-1.033608e+00,-1.547077e+00,-2.264098e+00,-2.240188e+00,-2.816776e+00,-2.649243e+00,-2.515936e+00,-2.098628e+00,2.158323e-01,4.572516e-01,7.428190e-01,1.092689e+00,1.366625e+00,1.519333e+00,1.913913e+00,2.608107e+00,3.056988e+02,8.319880e-01,1.372559e-02,2.941489e+00,-5.984256e-01,-6.566417e+00,-5.537086e-01,-7.341736e-01,-8.492784e-02,-3.970931e+00,-4.253600e+00,1.522923e+01,5.267575e+00,-7.105639e+00,7.896901e-01,4.424185e+00,-7.897833e-01,1.530672e-01,-1.152669e-01,9.951439e-02,4.577300e-01,4.435204e-01,9.901974e-01,3.360809e-01,8.024055e-01,1.521348e-01,2.041089e-02,1.568247e-02,3.405307e-02,-4.111909e-02,-5.110846e-02,-3.096929e-02,-8.169426e-02,-1.063484e-01,1.039008e+00,1.261675e-02,3.109680e+02,2.757883e-02,2.395353e-02,1.003452e-01,-1.434122e+00,-2.728826e-03,-4.807892e-03,1.245414e-02
221,2.210000,4.898225e-01,-2.354304e+01,-6.904099e+00,-9.624761e+00,-1.155426e+01,-1.378960e+01,-1.272127e+01,-2.121893e+01,-2.281751e+01,-1.495854e+01,-2.031806e+01,-3.335082e+01,-2.603697e+00,-1.958717e+01,-3.495423e+00,-1.344596e+00,-1.185982e+00,-1.433964e+00,-1.871677e+00,-1.808270e+00,-1.384058e+00,-2.047109e+00,-1.244955e+00,-1.859485e+00,2.375737e-01,4.417609e-01,7.903104e-01,1.021760e+00,1.266429e+00,1.423588e+00,1.677029e+00,2.248944e+00,3.063981e+02,8.469002e-01,-1.588910e-02,3.225830e+00,-5.552617e-01,-6.614481e+00,4.964355e-01,4.339801e-01,2.368636e+00,-3.149567e+00,-4.034827e+00,1.471917e+01,6.856371e+00,-5.771540e+00,3.118992e-01,3.586696e+00,-2.686712e-01,-5.954178e-01,-9.742370e-02,1.484678e-01,4.472313e-01,6.715771e-01,1.150653e+00,4.297814e-01,8.523844e-01,2.250126e-01,2.364907e-02,2.805023e-02,4.651107e-02,-3.565264e-02,-6.067704e-02,-2.501738e-02,-5.431898e-02,-1.160397e-01,-7.985840e-02,8.357292e-03,3.084963e+02,2.271920e-02,2.020611e-02,1.210804e-01,-3.436459e+00,-5.180980e-03,-4.603851e-03,-1.880419e-03
222,2.220000,3.948669e-01,-1.994330e+01,-7.486057e+00,-1.723026e+01,-9.856243e+00,-1.302364e+01,-9.608163e+00,-2.389292e+01,-2.610363e+01,-7.914435e-01,-1.243604e+01,-3.991058e+01,-1.706141e+00,-1.557036e+01,-2.753123e+00,-2.626676e+00,-1.284205e+00,-1.159115e+00,-1.342579e+00,-9.194801e-01,6.725430e-02,-1.377671e+00,-2.890794e-01,-1.596009e+00,2.757427e-01,4.948463e-01,8.775861e-01,1.030551e+00,1.232612e+00,1.437171e+00,1.794065e+00,2.293384e+00,3.056675e+02,8.441987e-01,-3.025825e-02,2.662814e+00,2.143306e-01,-4.720170e+00,-3.606254e-01,9.431307e-01,5.873794e+00,-1.933844e+00,-2.403310e+00,9.985258e+00,5.891757e+00,-2.066890e+00,-1.764719e+00,-2.393623e-01,5.486933e-01,-1.154820e+00,-2.194877e-02,1.658061e-01,4.294756e-01,8.094385e-01,9.346447e-01,2.601175e-01,5.683754e-01,2.591807e-01,2.351725e-02,3.428296e-02,3.729910e-02,-3.093460e-02,-4.858560e-02,-4.685474e-03,-5.724537e-03,-2.279766e-02,-1.331226e+00,4.152203e-03,3.034757e+02,1.347608e-02,1.308760e-02,9.374429e-02,-5.085355e+00,-4.296812e-03,-2.611862e-03,-1.223554e-02
223,2.230000,4.291275e-01,-1.797905e+01,-6.263247e+00,-1.976149e+01,-1.038015e+01,-1.013591e+01,-2.906831e-02,-2.436110e+01,-2.609933e+01,4.594637e+00,-5.807749e+00,-3.840109e+01,-6.222637e+00,-1.925868e+01,-1.068769e+00,-5.254539e+00,-1.223203e+00,-1.007004e+00,-9.988043e-01,5.118565e-02,7.168991e-01,-1.334795e+00,-8.569073e-02,-1.348452e+00,2.877811e-01,5.352659e-01,8.923542e-01,9.944200e-01,1.151893e+00,1.440714e+00,1.729427e+00,2.184431e+00,3.035587e+02,8.483564e-01,-1.401209e-02,1.634026e+00,9.100491e-01,-2.544180e+00,-2.191623e+00,1.017923e-01,8.431418e+00,3.075975e-01,-1.600847e+00,1.889214e+00,2.707991e+00,2.486429e+00,-2.927150e+00,-3.580437e+00,1.065824e+00,-4.324490e-01,1.696498e-02,8.430784e-02,4.042045e-01,8.546535e-01,5.154525e-01,6.543362e-03,1.983581e-01,2.495817e-01,2.122907e-02,4.339771e-02,7.781827e-03,-3.267899e-02,-1.972568e-02,1.890694e-02,3.795594e-02,7.848833e-02,-2.463669e+00,2.043980e-03,2.972324e+02,7.622405e-03,9.995189e-03,7.711069e-02,-5.860995e+00,-1.708243e-03,-3.871200e-04,-1.461264e-02
224,2.240000,3.834930e-01,-1.703468e+01,-4.604913e+00,-1.991319e+01,-1.580374e+01,-1.133687e+01,1.073783e+01,-2.394266e+01,-2.629469e+01,1.480403e+00,-7.473227e+00,-3.289482e+01,-1.125012e+01,-2.633252e+01,-5.353935e-01,-5.007443e+00,-1.124741e+00,-9.315264e-01,-5.531569e-01,8.772774e-01,8.059695e-01,-1.704812e+00,-2.536911e-01,-1.058241e+00,3.083148e-01,5.819139e-01,8.782926e-01,9.516857e-01,1.180965e+00,1.487343e+00,1.859092e+00,2.526375e+00,3.004623e+02,8.520209e-01,7.567826e-03,7.775490e-01,1.212831e+00,-1.007311e+00,-3.699577e+00,-1.235198e+00,8.391422e+00,1.671448e+00,-2.031294e+00,-3.333337e+00,7.298036e-01,5.599439e+00,-2.498159e+00,-5.089966e+00,7.573931e-01,7.789925e-01,4.394448e-03,6.752992e-03,3.681028e-01,7.395669e-01,1.911692e-01,-1.642893e-01,-2.489310e-02,1.966804e-01,2.231974e-02,3.518382e-02,-1.900769e-02,-4.248514e-02,6.808353e-03,2.030717e-02,4.230410e-02,1.038399e-01,-3.351190e+00,1.351953e-04,2.911732e+02,1.364317e-02,1.599968e-02,6.115231e-02,-6.013763e+00,1.027627e-03,1.003120e-03,-9.557966e-03
225,2.250000,4.254490e-01,-1.682722e+01,-3.794425e+00,-2.100419e+01,-1.953862e+01,-1.412402e+01,1.926283e+01,-1.965607e+01,-3.072622e+01,-6.648394e+00,-9.259512e+00,-2.442655e+01,-1.246745e+01,-3.210827e+01,7.248312e-01,-2.316458e+00,-1.180889e+00,-1.126220e+00,-2.453663e-01,1.566619e+00,8.238466e-01,-1.850822e+00,-2.708587e-01,-8.804602e-01,3.274329e-01,6.152157e-01,8.288663e-01,8.977978e-01,1.193624e+00,1.493037e+00,1.834296e+00,2.524890e+00,2.966824e+02,8.532090e-01,-1.955363e-03,1.646568e-01,1.373269e+00,-2.844664e-01,-3.852026e+00,-1.703170e+00,5.842974e+00,1.880467e+00,-2.706069e+00,-5.049071e+00,6.620141e-01,6.424644e+00,-5.556548e-01,-3.190663e+00,5.956202e-01,1.896600e+00,-4.226055e-02,-8.495575e-03,2.947448e-01,5.211315e-01,4.419421e-02,-2.121555e-01,-1.381323e-01,5.494005e-02,2.365690e-02,2.585671e-02,-2.414067e-02,-3.617373e-02,2.652002e-02,2.780313e-02,6.762384e-02,1.053342e-01,-4.012464e+00,-4.443812e-03,2.853426e+02,1.409444e-02,1.681447e-02,6.431320e-02,-5.996301e+00,6.170022e-05,-1.201208e-04,-1.033181e-02
226,2.260000,4.345453e-01,-1.663147e+01,-2.656311e+00,-2.164546e+01,-2.377489e+01,-1.720558e+01,2.270300e+01,-1.788820e+01,-3.394666e+01,-1.183661e+01,-7.061139e+00,-1.890066e+01,-1.107453e+01,-3.459539e+01,1.370417e-01,-2.007536e-01,-1.283390e+00,-1.065743e+00,1.212158e-01,2.020638e+00,9.696264e-01,-1.941105e+00,-3.209609e-01,-8.466026e-01,3.675155e-01,6.307906e-01,8.142917e-01,8.664360e-01,1.245788e+00,1.512546e+00,1.953151e+00,2.642354e+00,2.923497e+02,8.424484e-01,1.233537e-02,-1.936127e-01,1.579412e+00,7.829025e-01,-2.670632e+00,-4.591212e-01,2.218123e+00,9.091910e-01,-1.896928e+00,-3.243582e+00,2.467330e+00,5.001800e+00,1.071465e+00,2.630938e-01,5.979015e-01,1.678099e+00,-5.909473e-02,4.970388e-02,1.500887e-01,2.057687e-01,-5.237350e-02,-2.224541e-01,-2.247983e-01,-1.116671e-01,1.598494e-02,9.829241e-03,-1.773557e-02,-1.989929e-02,1.922253e-02,3.471683e-02,7.001527e-02,4.247277e-02,-4.542941e+00,-8.757388e-03,2.793518e+02,1.537819e-02,1.469356e-02,5.235320e-02,-6.134406e+00,-1.233893e-03,-3.540586e-04,-1.456952e-03
227,2.270000,3.938245e-01,-1.735737e+01,-3.712037e-01,-2.031769e+01,-2.565470e+01,-1.571741e+01,2.320322e+01,-1.798600e+01,-3.580369e+01,-1.399221e+01,-2.703723e+00,-1.327495e+01,-9.088710e+00,-3.108056e+01,1.573114e+00,1.825115e+00,-1.355182e+00,-9.823739e-01,1.377336e-01,2.085163e+00,8.560417e-01,-2.277426e+00,-7.427174e-01,-1.179571e+00,3.764653e-01,6.401111e-01,8.036513e-01,8.561762e-01,1.252081e+00,1.567128e+00,2.020516e+00,2.653113e+00,2.875527e+02,8.309236e-01,1.854958e-02,-4.136511e-01,1.658693e+00,2.172011e+00,-1.102442e+00,1.185100e+00,-1.193226e+00,-1.242388e+00,5.968105e-01,6.911212e-01,3.244289e+00,2.008924e+00,1.033780e+00,3.313868e+00,8.696429e-01,6.156429e-01,-3.504121e-02,1.212566e-01,-1.429077e-02,-1.480209e-01,-1.431896e-01,-2.635013e-01,-3.091061e-01,-2.101738e-01,2.009535e-03,-9.857232e-03,-1.518130e-03,1.054138e-03,5.488467e-03,3.410186e-02,6.277622e-02,2.596974e-02,-5.010806e+00,-1.152381e-02,2.731616e+02,7.063396e-03,1.004765e-02,2.985121e-02,-6.414426e+00,-1.136957e-03,1.212590e-03,6.263403e-03
228,2.280000,4.609821e-01,-1.773766e+01,1.580538e+00,-1.634193e+01,-2.609886e+01,-1.283578e+01,1.985825e+01,-2.023174e+01,-3.324059e+01,-1.106560e+01,1.585529e+00,-1.346162e+01,-7.582169e+00,-2.553091e+01,2.029972e+00,1.312268e+00,-1.333069e+00,-7.549298e-01,5.736838e-03,1.646849e+00,5.280045e-01,-2.603780e+00,-1.141753e+00,-1.467021e+00,3.637234e-01,6.186123e-01,8.022222e-01,8.730001e-01,1.247849e+00,1.623881e+00,2.116058e+00,2.674627e+00,2.823125e+02,8.193766e-01,2.684192e-02,-4.680161e-01,8.781487e-01,3.262284e+00,8.796147e-01,1.583800e+00,-3.913384e+00,-3.143847e+00,2.959673e+00,3.525236e+00,2.716763e+00,-1.917632e+00,-3.114891e-03,5.129949e+00,4.123499e-01,-1.422843e+00,-5.160773e-03,1.161076e-01,-1.898201e-01,-4.685366e-01,-2.294500e-01,-2.192869e-01,-2.657404e-01,-1.382675e-01,-1.321711e-02,-2.979069e-02,1.067686e-02,1.729489e-02,-8.409798e-03,1.867441e-02,1.624055e-02,-4.328728e-03,-5.484103e+00,-1.526815e-02,2.665917e+02,1.098923e-02,1.761280e-02,7.109854e-02,-6.903979e+00,1.188309e-04,2.027031e-03,2.319525e-02
229,2.290000,5.049785e-01,-1.834238e+01,2.380615e+00,-1.279590e+01,-2.388885e+01,-1.038342e+01,1.471907e+01,-2.469624e+01,-2.809520e+01,-3.578295e+00,2.638597e+00,-1.710145e+01,-9.044734e+00,-2.007117e+01,4.126580e+00,5.246480e-03,-1.331256e+00,-6.753432e-01,-2.590806e-01,1.013409e+00,3.287093e-01,-2.836990e+00,-1.405993e+00,-1.621120e+00,3.393767e-01,5.720186e-01,8.273104e-01,8.997865e-01,1.220036e+00,1.607878e+00,2.066724e+00,2.638602e+00,2.766470e+02,8.071258e-01,3.707119e-02,-4.166115e-01,-5.728911e-01,3.962489e+00,2.729329e+00,8.828398e-01,-5.340624e+00,-4.756945e+00,5.104875e+00,3.780723e+00,1.007701e+00,-4.276614e+00,-5.194348e-01,5.570956e+00,-1.860889e+00,-3.698824e+00,1.292226e-02,5.023042e-02,-3.513221e-01,-7.026972e-01,-2.705179e-01,-9.086592e-02,-1.303688e-01,1.048489e-01,-2.130766e-02,-4.408997e-02,2.188454e-02,2.831542e-02,-1.072786e-02,-1.331211e-02,-3.817851e-02,-1.272876e-02,-5.498929e+00,-2.229623e-02,2.596505e+02,1.060414e-02,2.141779e-02,8.625754e-02,-2.312476e+01,4.283951e-04,-2.919547e-04,1.727620e-02
230,2.300000,5.131779e-01,-1.847905e+01,3.585227e-01,-9.094935e+00,-2.025975e+01,-1.195357e+01,7.378153e+00,-3.025231e+01,-2.300254e+01,5.826091e-01,3.851515e+00,-2.657557e+01,-1.111209e+01,-1.445034e+01,9.220583e-01,-6.405032e+00,-1.321157e+00,-6.387201e-01,-6.294777e-01,2.138317e-01,8.604258e-02,-2.757757e+00,-1.318025e+00,-1.317166e+00,3.199742e-01,5.158834e-01,8.558464e-01,9.311053e-01,1.219762e+00,1.585543e+00,2.011250e+00,2.627966e+00,2.703821e+02,7.780066e-01,-8.523470e-03,-6.326172e-01,-2.208065e+00,4.588670e+00,3.610402e+00,2.188731e-01,-5.734035e+00,-4.603101e+00,7.200137e+00,9.504029e-01,-1.110880e+00,-5.166630e+00,4.355046e-01,4.143826e+00,-4.597013e+00,-4.656677e+00,-2.086422e-02,-1.191551e-01,-4.721788e-01,-8.989134e-01,-3.657908e-01,1.606038e-02,-6.459186e-02,3.654325e-01,-2.313508e-02,-4.393464e-02,2.368420e-02,3.970022e-02,-4.563880e-03,-2.716796e-02,-5.582979e-02,-5.334258e-03,-4.780762e+00,-7.538174e-02,2.515874e+02,1.420198e-02,1.914364e-02,1.401263e-01,-4.657966e+01,-1.609550e-03,-4.458193e-03,-3.727735e-03
231,2.310000,5.530825e-01,-1.906974e+01,-2.624652e+00,-4.128745e+00,-1.492762e+01,-1.174432e+01,2.740144e+00,-3.676044e+01,-1.539834e+01,-9.126981e-01,1.201787e+00,-2.810104e+01,-9.920923e+00,-8.766065e+00,-7.177376e+00,-1.281036e+01,-1.296527e+00,-7.893267e-01,-1.301270e+00,-7.118145e-01,-2.755668e-01,-2.654768e+00,-1.306425e+00,-7.302544e-01,2.918015e-01,4.710258e-01,8.862619e-01,9.687007e-01,1.212486e+00,1.519737e+00,1.882028e+00,2.612800e+00,2.660233e+02,7.401275e-01,-1.189904e-02,-1.090608e+00,-3.784750e+00,5.588373e+00,2.719999e+00,1.027796e+00,-3.769533e+00,-1.153180e+00,9.783671e+00,-2.765371e+00,-1.765416e+00,-3.377286e+00,2.044854e+00,1.508868e+00,-6.160930e+00,-3.935804e+00,-1.792362e-01,-3.931738e-01,-5.453526e-01,-9.825959e-01,-5.825235e-01,1.095755e-02,-1.012150e-01,5.823008e-01,-1.892247e-02,-2.886764e-02,5.959081e-03,4.300132e-02,1.174676e-03,-2.555758e-02,-6.416652e-02,-1.420095e-02,-3.251446e+00,-1.453798e-01,1.650399e+02,7.598998e-03,7.822451e-03,8.171836e-02,-6.898898e+01,-3.096620e-03,-5.985972e-03,-2.579119e-02
232,2.320000,3.943127e-01,-2.053707e+01,-6.957151e+00,2.267840e+00,-1.252747e+01,-1.106097e+01,-2.822467e+00,-3.721515e+01,-3.588335e+00,-7.646382e+00,-3.250465e+00,-3.379498e+01,-4.966551e+00,-1.046433e+01,-1.530311e+01,-1.556332e+01,-1.454755e+00,-1.293713e+00,-1.834062e+00,-1.985106e+00,-9.988117e-01,-2.614590e+00,-1.514496e+00,-8.529156e-02,2.718355e-01,4.494356e-01,8.911674e-01,1.037044e+00,1.228805e+00,1.532112e+00,1.929257e+00,2.660857e+00,2.637205e+02,4.759671e-01,-2.881408e-02,-1.570638e+00,-4.880872e+00,6.303832e+00,3.446537e-01,2.834170e+00,-1.470784e+00,4.295573e+00,1.076208e+01,-4.258275e+00,-5.235019e-01,-7.576122e-02,3.477727e+00,-1.032158e+00,-4.035991e+00,-1.378914e+00,-4.598614e-01,-6.703553e-01,-5.292472e-01,-8.981784e-01,-7.791573e-01,-8.909402e-02,-2.026430e-01,6.570345e-01,-1.646667e-02,-5.096835e-03,-2.147477e-02,3.923211e-02,7.936406e-03,-1.545246e-02,-6.835540e-02,-5.953710e-02,-1.562585e+00,-1.681631e-01,8.099865e+01,4.444048e-03,2.119511e-03,5.472946e-02,-6.682147e+01,-3.600295e-03,-4.610973e-03,-3.619709e-02
233,2.330000,5.049158e-01,-2.276641e+01,-1.288530e+01,9.464576e+00,-1.415499e+01,-5.690746e+00,9.717181e-01,-2.698073e+01,1.111606e+01,-1.329066e+01,-2.637493e+00,-3.037818e+01,-1.893233e+00,-1.451984e+01,-1.856548e+01,-1.509463e+01,-2.160638e+00,-2.313716e+00,-2.383552e+00,-2.800102e+00,-2.041481e+00,-2.853786e+00,-1.813833e+00,6.744468e-01,2.688336e-01,4.609043e-01,8.394453e-01,1.061824e+00,1.221388e+00,1.506806e+00,1.786888e+00,2.551152e+00,2.637205e+02,2.312468e-01,-2.796533e-02,-1.877573e+00,-5.540649e+00,5.563444e+00,-2.260634e+00,3.746190e+00,4.679720e-01,9.769112e+00,9.194325e+00,-2.939566e+00,2.906765e+00,3.106549e+00,3.443539e+00,-2.000942e+00,4.593386e-01,1.144780e+00,-8.218463e-01,-8.281287e-01,-4.579578e-01,-6.628858e-01,-8.709626e-01,-1.563209e-01,-2.285371e-01,5.807665e-01,-8.263161e-03,1.610475e-02,-3.943170e-02,2.983797e-02,2.331076e-02,-4.467177e-03,-6.140863e-02,-8.874033e-02,-4.605469e-01,-9.818014e-02,0,0,0,0,-4.110785e+01,-1.964204e-03,-1.776441e-03,-2.181662e-02
234,2.340000,3.931908e-01,-2.448390e+01,-1.891551e+01,1.562756e+01,-1.892279e+01,-8.095104e-01,9.084454e-01,-1.366430e+01,1.755065e+01,-1.451978e+01,3.153645e+00,-2.581581e+01,2.262701e+00,-1.673424e+01,-1.356384e+01,-1.215746e+01,-3.188408e+00,-3.228302e+00,-2.734573e+00,-3.232917e+00,-2.926786e+00,-3.103718e+00,-2.077536e+00,1.265656e+00,2.491248e-01,4.954599e-01,7.718809e-01,1.080704e+00,1.254993e+00,1.514746e+00,1.717043e+00,2.361104e+00,2.637205e+02,1.916313e-01,-1.711795e-02,-1.611997e+00,-5.043346e+00,3.364323e+00,-3.087645e+00,3.205081e+00,3.833729e-01,1.203753e+01,5.486516e+00,-1.155075e-01,5.253111e+00,5.598649e+00,3.179013e+00,-1.152536e+00,3.784698e+00,2.722821e+00,-9.905197e-01,-7.158400e-01,-3.350329e-01,-3.583785e-01,-7.042734e-01,-8.303633e-02,-1.458112e-01,3.717437e-01,1.089892e-03,2.858334e-02,-3.666413e-02,2.495644e-02,3.232463e-02,-5.580628e-03,-6.302126e-02,-9.981678e-02,0,3.641429e-02,0,0,0,0,-1.619973e+01,-8.888096e-04,-4.239021e-04,-1.094589e-02
235,2.350000,4.138168e-01,-2.648419e+01,-2.434871e+01,1.700862e+01,-2.303312e+01,1.860899e+00,3.214548e+00,3.096962e-01,2.000379e+01,-1.217383e+01,1.253356e+01,-1.655789e+01,3.682144e+00,-1.563582e+01,-5.750318e+00,-8.789380e+00,-4.538931e+00,-3.962676e+00,-3.140804e+00,-3.402338e+00,-3.666393e+00,-3.191808e+00,-2.167591e+00,1.498104e+00,2.618411e-01,5.285373e-01,7.487467e-01,1.096060e+00,1.315946e+00,1.506084e+00,1.681091e+00,2.318974e+00,2.637205e+02,3.913947e-01,-4.806701e-02,-1.019404e+00,-3.552598e+00,4.606690e-01,-2.349883e+00,5.452227e-01,-1.391041e+00,1.106287e+01,2.962428e+00,1.134197e+00,5.123408e+00,4.928336e+00,2.066718e+00,-4.389553e-01,4.744095e+00,2.686564e+00,-8.917606e-01,-3.998052e-01,-1.168416e-01,-1.534441e-01,-4.116736e-01,1.255032e-01,-2.811367e-02,1.105864e-01,1.972851e-02,2.308969e-02,-1.000684e-02,3.546039e-02,4.450611e-02,9.291649e-04,-1.333072e-02,-3.212223e-02,0,1.061717e-01,0,0,0,0,0,0,0,0
236,2.360000,3.542725e-01,-2.673816e+01,-2.644218e+01,1.531744e+01,-2.352663e+01,1.188612e+00,-2.027017e+00,9.327313e+00,1.940038e+01,-8.782333e+00,1.542957e+01,-1.271188e+01,8.140823e+00,-1.566902e+01,-2.787202e+00,-5.101836e+00,-5.218206e+00,-4.048433e+00,-3.130601e+00,-3.475880e+00,-3.707723e+00,-2.860760e+00,-2.066673e+00,1.361598e+00,2.807813e-01,5.585358e-01,7.531961e-01,1.144708e+00,1.343150e+00,1.504570e+00,1.667049e+00,2.277862e+00,2.637205e+02,5.779645e-01,-4.070078e-02,-2.868858e-01,-2.114699e+00,-1.606401e+00,-4.744493e-01,-2.274006e+00,-1.669382e+00,7.809022e+00,2.012863e+00,-5.532001e-01,1.840242e+00,3.813804e+00,7.451725e-01,3.969549e-01,3.363710e+00,1.358658e+00,-5.988009e-01,-1.688170e-01,6.461415e-02,-1.745081e-03,-1.484528e-01,3.369727e-01,1.449595e-01,-1.902115e-02,3.990898e-02,1.464478e-02,1.074757e-02,4.723825e-02,4.300513e-02,5.184817e-03,4.512465e-03,1.530106e-02,0,5.326322e-02,0,0,0,0,0,0,0,0
237,2.370000,2.840399e-01,-2.673630e+01,-2.688496e+01,1.192299e+01,-2.360249e+01,-3.963694e+00,-4.515756e+00,1.683780e+01,2.500333e+01,-1.048840e+01,1.684159e+01,-1.228846e+01,5.501295e+00,-1.724723e+01,-2.333258e-01,-5.189626e+00,-5.604542e+00,-3.902676e+00,-2.769746e+00,-3.445840e+00,-3.709381e+00,-2.347749e+00,-1.959833e+00,1.179408e+00,3.516479e-01,5.448149e-01,7.987535e-01,1.207124e+00,1.399840e+00,1.516540e+00,1.745231e+00,2.432162e+00,2.637205e+02,5.689388e-01,-5.957576e-02,2.366089e-01,-1.464752e+00,-1.929145e+00,1.428816e+00,-4.595927e+00,-1.430833e+00,2.804446e+00,1.090546e+00,-3.434688e+00,-9.743794e-01,2.898942e+00,1.413540e-01,9.883939e-01,2.176961e+00,-1.081449e-01,-3.106961e-01,-6.552162e-02,1.002250e-01,3.677845e-02,-2.223444e-03,4.357187e-01,3.078924e-01,2.437920e-02,4.691695e-02,6.686968e-03,2.418843e-02,5.312859e-02,4.139153e-02,1.698068e-02,2.007642e-02,3.340425e-02,0,-6.263675e-02,0,0,0,0,0,0,0,0
238,2.380000,2.545754e-01,-2.579228e+01,-2.822089e+01,1.013837e+01,-2.101036e+01,-9.267245e+00,-3.573314e+00,1.711676e+01,2.511520e+01,-1.812850e+01,1.020084e+01,-8.881498e+00,5.078988e+00,-1.394376e+01,4.962119e-01,-7.164051e+00,-5.649607e+00,-4.102387e+00,-2.597031e+00,-3.219891e+00,-3.647556e+00,-1.840884e+00,-1.456618e+00,1.329898e+00,4.037663e-01,5.605451e-01,8.006153e-01,1.261364e+00,1.428071e+00,1.535442e+00,1.707536e+00,2.381016e+00,2.637205e+02,3.691754e-01,-5.400140e-02,3.423883e-01,-1.740437e+00,-7.815076e-01,3.206218e+00,-4.107226e+00,9.476836e-01,-1.580068e+00,-1.133242e-01,-5.518094e+00,-1.711008e+00,2.896480e+00,-2.308181e-01,1.733032e+00,1.841070e+00,-6.598693e-01,-1.168159e-01,-1.921094e-01,-9.516668e-02,-6.589365e-03,1.386259e-02,3.727138e-01,4.248649e-01,1.991579e-01,3.204218e-02,1.097958e-02,3.461976e-02,4.853742e-02,4.101272e-02,2.611327e-02,3.165745e-02,3.961990e-02,0,-1.542262e-01,0,0,0,0,0,0,0,0
239,2.390000,1.657866e-01,-2.577409e+01,-3.078312e+01,9.952420e+00,-1.714718e+01,-1.589081e+01,-3.166466e+00,1.043720e+01,2.259911e+01,-2.467419e+01,1.027602e+01,-3.978366e+00,5.919832e+00,-1.155648e+01,3.492778e+00,-8.298997e+00,-5.876711e+00,-4.263307e+00,-2.906463e+00,-3.346441e+00,-3.707593e+00,-1.523152e+00,-9.331567e-01,1.635850e+00,4.349333e-01,5.609675e-01,8.459792e-01,1.303375e+00,1.480443e+00,1.575551e+00,1.761230e+00,2.434419e+00,2.637205e+02,1.826055e-01,-3.647912e-02,3.018032e-01,-1.462484e+00,7.752420e-01,4.202343e+00,-1.966215e+00,2.148796e+00,-2.640348e+00,-1.246743e+00,-4.358595e+00,-8.777381e-01,1.732180e+00,8.351734e-01,1.993079e+00,1.171931e+00,-6.625609e-02,6.473827e-02,-2.487053e-01,-2.485245e-01,-7.341435e-02,-7.209825e-03,2.234348e-01,3.985247e-01,2.454294e-01,9.114713e-04,1.505203e-02,2.931872e-02,3.374732e-02,2.931691e-02,2.790123e-02,2.466905e-02,5.112028e-03,0,-1.507053e-01,0,0,0,0,0,0,0,0
240,2.400000,1.433921e-01,-2.550733e+01,-3.319528e+01,1.239518e+01,-1.072319e+01,-1.338396e+01,2.036756e+00,4.627272e+00,2.003587e+01,-2.927991e+01,1.015731e+01,-2.384527e+00,6.777464e+00,-9.849235e+00,4.555096e+00,-6.846497e+00,-5.666201e+00,-4.828665e+00,-3.538075e+00,-3.558527e+00,-3.639304e+00,-1.409490e+00,-4.556863e-01,2.129166e+00,3.993495e-01,6.053573e-01,9.026820e-01,1.339269e+00,1.507912e+00,1.605630e+00,1.817337e+00,2.474833e+00,2.637205e+02,0,-1.324690e-02,1.126944e-01,-1.232296e-01,1.693465e+00,3.603416e+00,1.729559e+00,2.142215e+00,-6.482204e-01,-1.282728e+00,-1.760458e+00,-7.689269e-01,-6.703309e-01,1.939313e-01,9.052042e-01,7.157904e-01,2.371558e-01,2.790914e-01,-2.089235e-01,-2.440380e-01,-1.035550e-01,-1.023602e-02,3.574245e-02,1.373888e-01,7.094981e-02,-2.866165e-02,1.306282e-02,2.220330e-02,1.983714e-02,1.843077e-02,2.312425e-02,4.958006e-02,2.469759e-02,0,-9.209564e-02,0,0,0,0,0,0,0,0
241,2.410000,1.572360e-01,-2.536976e+01,-3.171018e+01,1.467079e+01,-7.734355e+00,-1.173641e+01,3.423190e+00,9.880804e+00,2.130928e+01,-2.670567e+01,1.247466e+01,-6.876047e+00,8.827924e+00,-9.329099e+00,3.596888e+00,-5.679684e+00,-5.272553e+00,-4.783064e+00,-3.541846e+00,-3.643594e+00,-3.749556e+00,-1.446272e+00,-4.676752e-01,2.006921e+00,3.584137e-01,5.976689e-01,8.943138e-01,1.336908e+00,1.506504e+00,1.620952e+00,1.813676e+00,2.410813e+00,2.637205e+02,0,2.605147e-02,-2.187815e-01,1.740518e+00,1.589574e+00,1.013535e+00,3.541645e+00,1.023250e+00,2.667676e+00,-1.613812e+00,1.918207e+00,-2.161672e+00,-1.869378e+00,-5.636133e-01,-4.493901e-01,-1.079611e+00,-3.412089e-01,3.790870e-01,-3.754244e-02,-4.955540e-02,-2.357578e-02,-7.720651e-02,-1.962347e-01,-1.902501e-01,-2.747044e-01,-3.789184e-02,4.222035e-04,-7.424504e-03,-4.177081e-03,2.109528e-04,1.157525e-02,4.948163e-02,2.049589e-02,0,-3.652111e-02,0,0,0,0,0,0,0,0
242,2.420000,1.926162e-01,-2.543097e+01,-2.837350e+01,1.624651e+01,-7.699694e+00,-2.696650e+00,3.842934e+00,1.415386e+01,1.934647e+01,-2.591505e+01,5.256885e+00,-1.078431e+01,4.594598e+00,-1.053143e+01,4.023109e+00,-7.287928e+00,-4.556229e+00,-4.887126e+00,-3.499530e+00,-3.589089e+00,-3.677755e+00,-1.700612e+00,-1.002415e+00,1.499112e+00,2.987179e-01,6.075085e-01,8.874645e-01,1.343783e+00,1.507194e+00,1.628363e+00,1.929213e+00,2.516307e+00,2.637205e+02,0,3.181760e-02,-1.016676e+00,3.163434e+00,7.835838e-01,-1.861892e+00,3.113186e+00,-8.653884e-01,3.086123e+00,-2.370368e+00,4.308627e+00,-2.514940e+00,-4.302489e-01,-7.647795e-01,-1.218615e+00,-1.854272e+00,-1.383343e+00,2.588396e-01,1.420408e-01,5.709467e-02,1.073608e-02,-1.937858e-01,-4.353375e-01,-5.080911e-01,-6.207118e-01,-2.839766e-02,-1.259758e-02,-3.049290e-02,-3.174747e-02,-9.867942e-03,1.677430e-03,3.913269e-02,3.901241e-02,0,4.233094e-02,0,0,0,0,0,0,0,0
243,2.430000,2.714319e-01,-2.690617e+01,-2.449142e+01,1.597462e+01,-1.359125e+01,-3.526241e+00,1.046695e+00,1.901229e+01,1.487475e+01,-1.676558e+01,1.917874e+00,-9.125363e+00,4.193199e+00,-1.346233e+01,-1.639281e+00,-9.784326e+00,-4.536263e+00,-4.421789e+00,-3.173513e+00,-3.449038e+00,-4.074400e+00,-2.358765e+00,-1.611043e+00,5.773552e-01,2.957900e-01,5.620030e-01,8.164654e-01,1.280233e+00,1.481856e+00,1.622061e+00,1.952700e+00,2.516161e+00,2.637205e+02,0,2.661796e-02,-1.983051e+00,3.676728e+00,-4.317499e-01,-3.400092e+00,5.069591e-01,-1.738056e+00,1.320001e+00,-2.012419e+00,5.130851e+00,-1.692003e+00,1.424871e+00,-6.094214e-01,-6.508781e-01,-1.343589e+00,-1.717389e+00,-2.835374e-02,2.033797e-01,7.377734e-02,-4.102724e-02,-3.278535e-01,-5.925785e-01,-6.502252e-01,-8.130542e-01,-1.319370e-02,-1.964124e-02,-4.172509e-02,-4.913925e-02,-8.322382e-03,-2.676237e-03,1.112312e-02,4.573734e-02,0,6.349640e-02,0,0,0,0,0,0,0,0
244,2.440000,2.453822e-01,-2.982250e+01,-2.098750e+01,1.566118e+01,-1.710420e+01,-1.923115e+00,-1.101938e+00,1.549215e+01,1.140129e+01,-1.270682e+01,2.861002e+00,-3.411114e+00,5.270929e+00,-1.387569e+01,-2.098182e+00,-1.171089e+01,-4.740149e+00,-4.299098e+00,-3.436768e+00,-3.602124e+00,-4.445811e+00,-3.129930e+00,-2.424458e+00,-2.596097e-01,2.886731e-01,5.602024e-01,7.891417e-01,1.208869e+00,1.470896e+00,1.613463e+00,1.943488e+00,2.617221e+00,2.637205e+02,2.116547e-01,7.375496e-03,-2.546920e+00,3.980730e+00,-1.625687e+00,-3.300497e+00,-2.600333e+00,-1.680046e+00,-4.370898e-01,-5.822760e-01,3.457607e+00,-8.347095e-01,1.556065e+00,3.277343e-01,7.381679e-01,4.613318e-01,-1.081299e+00,-2.235860e-01,1.849388e-01,1.082635e-01,-6.040514e-02,-3.994219e-01,-6.030713e-01,-6.550026e-01,-8.727930e-01,5.893481e-03,-1.823437e-02,-4.563307e-02,-5.429542e-02,-6.202936e-03,-7.090616e-03,-2.123054e-02,2.274876e-02,0,6.349640e-02,0,0,0,0,0,0,0,0
245,2.450000,2.639428e-01,-3.308924e+01,-1.701954e+01,1.280471e+01,-2.003256e+01,-9.588384e+00,-2.794653e+00,1.581167e+01,1.521978e+01,-7.655531e+00,5.212591e+00,-3.438290e+00,5.442651e+00,-1.091136e+01,-6.041431e-02,-1.205515e+01,-5.322362e+00,-4.060179e+00,-3.204340e+00,-3.842213e+00,-5.004796e+00,-3.694506e+00,-3.007779e+00,-1.178989e+00,2.974676e-01,5.231157e-01,7.348498e-01,1.158669e+00,1.483041e+00,1.615021e+00,1.862154e+00,2.589043e+00,2.637205e+02,2.116547e-01,-1.301908e-02,-2.359796e+00,3.936631e+00,-2.393640e+00,-2.130203e+00,-3.885521e+00,-8.541925e-02,-9.948065e-01,7.686170e-01,4.606364e-01,-1.224135e+00,3.451729e-01,5.212045e-02,1.542760e+00,2.111967e+00,9.214516e-02,-2.121150e-01,9.590159e-02,1.678370e-01,-2.719498e-03,-3.494498e-01,-4.847201e-01,-5.454649e-01,-7.817186e-01,1.073762e-02,-7.304335e-03,-3.810196e-02,-5.341988e-02,-1.023164e-02,-5.266654e-03,-2.665399e-02,4.484439e-03,0,4.272323e-02,0,0,0,0,0,0,0,0
246,2.460000,2.332382e-01,-3.507404e+01,-1.220580e+01,9.703038e+00,-2.098152e+01,-1.266724e+01,-2.636621e+00,1.356872e+01,1.626258e+01,-1.318204e+01,-5.640205e-01,-5.847525e+00,5.608543e+00,-8.116078e+00,5.540334e+00,-1.155901e+01,-5.281109e+00,-4.143237e+00,-2.942799e+00,-3.694528e+00,-5.209667e+00,-4.048098e+00,-3.579059e+00,-1.986680e+00,3.273464e-01,5.357803e-01,7.001070e-01,1.133088e+00,1.475587e+00,1.596430e+00,1.868333e+00,2.593610e+00,2.637205e+02,2.116547e-01,-2.592294e-02,-1.648706e+00,3.161826e+00,-2.372518e+00,-9.383795e-01,-3.849076e+00,9.761711e-01,-5.301961e-01,1.047531e+00,-7.778440e-01,-2.301418e+00,-7.992320e-01,-1.084670e-01,5.252676e-01,1.607358e+00,1.376552e+00,-1.147085e-01,3.339911e-02,2.042731e-01,4.585073e-02,-2.267049e-01,-3.224727e-01,-3.311555e-01,-5.899920e-01,1.265322e-02,-3.338504e-03,-2.607359e-02,-3.648262e-02,-2.054604e-02,1.037872e-03,4.853511e-03,-9.916401e-03,0,4.307312e-02,0,0,0,0,0,0,0,0
247,2.470000,2.124085e-01,-3.607939e+01,-9.199116e+00,6.985498e+00,-2.230360e+01,-1.758178e+01,1.386940e+00,1.499997e+01,1.628720e+01,-1.422479e+01,-2.490289e+00,-6.181293e+00,4.284994e+00,-8.628339e+00,5.101293e+00,-9.399539e+00,-5.326357e+00,-4.020212e+00,-2.581313e+00,-3.416434e+00,-5.439722e+00,-4.323281e+00,-3.761066e+00,-2.467702e+00,3.301414e-01,5.376924e-01,6.704729e-01,1.051024e+00,1.428353e+00,1.604244e+00,1.857008e+00,2.550389e+00,2.637205e+02,2.136161e-01,-3.689135e-02,-9.873531e-01,1.661934e+00,-1.490925e+00,1.358753e-01,-1.686923e+00,1.017573e+00,-5.511686e-01,6.087696e-01,3.047103e-01,-1.241409e+00,-7.110450e-01,1.260462e-01,-1.380574e+00,1.150144e-01,1.577673e+00,-6.007614e-02,3.606796e-04,6.538756e-02,-3.235185e-02,-7.233267e-02,-1.947596e-01,-1.466005e-01,-3.376159e-01,2.102733e-03,-1.367366e-03,-7.796991e-03,-2.044244e-02,-2.682805e-02,6.371212e-03,2.568603e-02,-1.814890e-03,0,1.097335e-01,0,0,0,0,0,0,0,0
248,2.480000,1.415346e-01,-3.657096e+01,-9.088580e+00,6.708197e+00,-2.066057e+01,-1.717180e+01,1.688121e+00,1.324701e+01,1.610524e+01,-1.331141e+01,-4.794648e+00,-6.035772e+00,5.307423e+00,-1.239087e+01,3.357754e+00,-6.155935e+00,-5.311694e+00,-4.152087e+00,-2.726917e+00,-3.585760e+00,-5.361872e+00,-4.427906e+00,-3.703592e+00,-2.565213e+00,3.356023e-01,5.362216e-01,6.909621e-01,1.080279e+00,1.395510e+00,1.624041e+00,1.970329e+00,2.586966e+00,2.637205e+02,4.260395e-01,-2.288223e-02,-4.443165e-01,-8.946419e-04,-8.298759e-01,3.775480e-01,-3.668130e-01,-1.064686e-02,-7.717509e-01,1.311927e+00,2.245615e+00,8.080531e-01,-2.940882e-01,4.466251e-01,-2.835210e+00,-1.374570e+00,2.816415e-01,-1.304858e-01,5.293202e-02,-3.865285e-02,-1.213664e-01,5.067110e-02,-6.576686e-02,5.633903e-03,-8.386650e-02,-7.459447e-03,-6.629831e-03,1.063770e-02,1.684758e-02,-6.489777e-03,1.588032e-02,6.211928e-02,2.154613e-02,0,1.347748e-01,0,0,0,0,0,0,0,0
249,2.490000,1.253378e-01,-3.727755e+01,-1.026848e+01,6.847503e+00,-1.951366e+01,-1.577072e+01,1.308414e-01,1.321668e+01,1.834229e+01,-6.067296e+00,1.120859e+00,-6.899392e+00,6.223442e+00,-1.567684e+01,1.605948e+00,-6.868320e+00,-5.607451e+00,-4.053951e+00,-2.985343e+00,-4.058356e+00,-5.290356e+00,-4.478400e+00,-3.678516e+00,-2.577802e+00,3.038533e-01,5.160582e-01,7.004372e-01,1.082861e+00,1.388939e+00,1.633072e+00,1.939586e+00,2.583290e+00,2.637205e+02,6.531299e-01,6.542242e-03,3.185425e-02,-5.295779e-01,-8.173348e-01,-8.581047e-02,2.312554e-01,-8.758448e-01,-1.746515e-01,1.593454e+00,1.266069e+00,2.466976e+00,9.558832e-01,8.283615e-01,-2.387568e+00,-1.650368e+00,-1.566002e+00,-1.517002e-01,1.216184e-01,-2.063072e-02,-7.415700e-03,9.940481e-02,8.107515e-02,2.981048e-02,4.071593e-02,-6.488904e-03,-3.456867e-03,1.312387e-02,3.117465e-02,1.785305e-02,1.210893e-02,5.664250e-02,2.725186e-02,0,1.157855e-01,0,0,0,0,0,0,0,0
250,2.500000,1.623624e-01,-3.669654e+01,-1.167559e+01,5.622656e+00,-2.048876e+01,-1.540684e+01,-2.061806e+00,1.060161e+01,2.179467e+01,-6.032711e+00,1.670671e+00,-6.958917e+00,6.872444e+00,-1.876788e+01,4.151543e-01,-1.141642e+01,-5.792992e+00,-3.861707e+00,-2.934048e+00,-3.980399e+00,-5.030994e+00,-4.299373e+00,-3.592165e+00,-2.350963e+00,3.031932e-01,5.134482e-01,7.383134e-01,1.201408e+00,1.462845e+00,1.661418e+00,2.137640e+00,2.684890e+00,2.637205e+02,6.657719e-01,2.735986e-02,4.864414e-01,-4.340298e-01,-1.329620e+00,-9.084142e-01,-9.669684e-01,-2.616262e-01,7.341932e-01,1.563774e+00,-1.062686e+00,2.767923e+00,1.445092e+00,-2.356280e-01,-1.354578e+00,-1.794312e+00,-1.837054e+00,-1.285776e-01,2.053309e-01,1.298883e-01,2.061531e-01,7.237949e-02,1.874135e-01,5.488825e-02,1.159278e-01,1.775882e-03,9.989918e-04,1.710802e-03,1.235962e-02,2.675417e-02,5.342769e-03,4.479587e-03,3.105783e-03,0,4.977811e-02,0,0,0,0,0,0,0,0
251,2.510000,2.347058e-01,-3.585733e+01,-1.055350e+01,3.441595e+00,-2.281857e+01,-1.730798e+01,-1.117321e+00,1.544941e+01,2.140975e+01,-1.153379e+01,6.611931e+00,-9.403054e-01,7.644291e+00,-1.737767e+01,-1.679249e+00,-1.459931e+01,-5.844209e+00,-3.557309e+00,-2.580901e+00,-3.256193e+00,-5.108137e+00,-3.982172e+00,-3.667727e+00,-2.371248e+00,3.139014e-01,5.317947e-01,7.124166e-01,1.146333e+00,1.483951e+00,1.646100e+00,2.056564e+00,2.637686e+00,2.637205e+02,6.726775e-01,3.075820e-02,7.100247e-01,2.036791e-02,-1.412163e+00,-6.108082e-01,-1.801420e+00,-1.768751e-01,9.798765e-01,5.031252e-01,-2.906291e+00,8.124593e-01,8.760341e-01,-1.623534e+00,-3.760929e-01,-1.636757e+00,5.212660e-02,4.888535e-03,1.771673e-01,2.033875e-01,2.571544e-01,5.513186e-02,2.317970e-01,7.670119e-02,1.036655e-01,1.306394e-02,2.682650e-03,-1.170316e-02,-1.154917e-02,5.544603e-03,-1.310475e-02,-6.144465e-02,-3.700767e-02,0,1.212955e-04,0,0,0,0,0,0,0,0
252,2.520000,2.236499e-01,-3.484886e+01,-1.111622e+01,1.763052e+00,-2.355019e+01,-2.123801e+01,1.004071e+00,1.580161e+01,2.239038e+01,-1.589159e+01,6.299433e+00,-1.789854e+00,3.418859e+00,-1.831334e+01,-3.971210e+00,-1.147571e+01,-5.836203e+00,-3.373753e+00,-2.279696e+00,-2.956076e+00,-5.091084e+00,-3.738953e+00,-3.434545e+00,-2.088851e+00,3.394577e-01,5.333483e-01,6.935264e-01,1.110341e+00,1.481775e+00,1.644240e+00,1.934238e+00,2.575297e+00,2.637205e+02,6.651563e-01,5.463378e-03,5.815392e-01,-2.865458e-02,-4.908086e-01,5.462667e-01,-1.557891e+00,-9.572040e-01,-8.438759e-02,-6.248648e-01,-1.823277e+00,7.141583e-02,-1.704394e-01,-2.709788e+00,-9.435768e-02,-1.898666e+00,1.764598e+00,1.004498e-01,1.252027e-01,9.771681e-02,2.812433e-02,4.505887e-02,1.842828e-01,9.504671e-02,9.219017e-02,1.698186e-02,-4.194695e-03,-7.789725e-03,-2.296429e-02,-1.234285e-02,-2.390145e-02,-1.037770e-01,-5.615711e-02,0,-4.040080e-03,0,0,0,0,0,0,0,0
253,2.530000,2.484850e-01,-3.465126e+01,-1.044633e+01,1.716489e+00,-2.103698e+01,-2.186224e+01,-2.286473e+00,1.551606e+01,2.056006e+01,-1.566931e+01,2.868775e+00,-5.103753e+00,-1.674356e-01,-1.778457e+01,-4.384654e+00,-6.578040e+00,-5.561403e+00,-3.412091e+00,-2.295582e+00,-3.284745e+00,-4.984652e+00,-3.599625e+00,-3.373820e+00,-2.190531e+00,3.510408e-01,5.195214e-01,6.643149e-01,1.070649e+00,1.407197e+00,1.576137e+00,1.734064e+00,2.453048e+00,2.637205e+02,6.540442e-01,-1.517810e-02,3.191898e-01,-7.389438e-01,3.204228e-01,1.505872e+00,1.192652e-01,-2.314149e+00,-1.451175e+00,-1.373313e+00,1.812982e-01,-7.959105e-01,-4.974330e-01,-2.455165e+00,-6.336670e-01,-1.990308e+00,1.906423e+00,8.660092e-02,7.921648e-03,-1.012352e-01,-2.107574e-01,1.124474e-01,1.306975e-01,9.774525e-02,8.552585e-02,1.661016e-02,-4.483727e-03,1.505494e-02,8.045864e-03,-8.972717e-03,-1.877403e-02,-5.970724e-02,-2.760062e-02,0,-7.548565e-03,0,0,0,0,0,0,0,0
254,2.540000,1.827897e-01,-3.439187e+01,-1.187245e+01,4.031166e+00,-1.864821e+01,-2.091917e+01,-6.263250e+00,1.014635e+01,1.909519e+01,-1.308133e+01,3.899328e+00,-5.729391e+00,-2.770630e+00,-1.903622e+01,-7.725475e+00,-6.604059e+00,-5.432146e+00,-3.308302e+00,-2.588123e+00,-3.825501e+00,-4.867442e+00,-3.569233e+00,-3.263885e+00,-1.980371e+00,3.695328e-01,4.986114e-01,7.234156e-01,1.124428e+00,1.439507e+00,1.576892e+00,1.780005e+00,2.496423e+00,2.637205e+02,6.548882e-01,-3.488862e-02,2.038666e-01,-1.425045e+00,5.525654e-01,9.260328e-01,1.875588e+00,-2.703059e+00,-6.459200e-01,-9.900007e-01,1.526626e+00,-7.509099e-01,9.549049e-01,-8.116169e-01,-1.560542e+00,-2.046138e+00,1.139190e-01,-2.427416e-02,-4.379394e-02,-1.797015e-01,-1.962938e-01,1.717719e-01,1.149397e-01,6.974272e-02,7.952865e-02,1.694022e-02,-7.755637e-04,3.927194e-02,3.456166e-02,9.616494e-03,-1.898539e-03,2.428508e-02,2.492201e-02,0,-4.944426e-02,0,0,0,0,0,0,0,0
255,2.550000,1.792454e-01,-3.448987e+01,-1.387011e+01,3.909653e+00,-1.774020e+01,-1.687108e+01,-9.054406e+00,1.102117e+01,1.619078e+01,-1.203243e+01,3.832431e+00,-1.457702e+00,-1.536790e+00,-2.018457e+01,-9.753658e+00,-7.503017e+00,-5.613233e+00,-3.550426e+00,-2.932863e+00,-3.875268e+00,-4.657721e+00,-3.413544e+00,-3.264331e+00,-1.997859e+00,3.819146e-01,5.267445e-01,7.727467e-01,1.179518e+00,1.460221e+00,1.585904e+00,1.835144e+00,2.539120e+00,2.637205e+02,6.400687e-01,-4.091625e-02,2.896816e-01,-1.898426e+00,7.256956e-02,-4.119226e-01,2.882119e+00,-1.109167e+00,8.444318e-01,6.683655e-01,1.740114e+00,-9.868959e-01,1.302990e+00,6.948794e-01,-2.498279e+00,-9.810410e-01,-1.141375e+00,-1.348646e-01,-1.060843e-01,-1.242454e-01,-2.959066e-02,2.160752e-01,1.061684e-01,6.468038e-02,1.257683e-01,1.585032e-02,5.824217e-03,4.322426e-02,4.389910e-02,2.020782e-02,1.306545e-02,7.665581e-02,5.520365e-02,-7.470398e-01,-6.301896e-02,0,0,0,0,1.459320e+01,0,0,1.440571e-02
256,2.560000,8.382662e-02,-3.391022e+01,-1.652955e+01,3.429298e+00,-2.056842e+01,-1.435565e+01,-9.127259e+00,1.481946e+01,1.962502e+01,-1.007691e+01,2.063055e+00,1.161645e+00,4.545148e-02,-2.491605e+01,-1.151740e+01,-1.044363e+01,-5.931658e+00,-3.523555e+00,-2.859563e+00,-3.642284e+00,-4.395690e+00,-3.257294e+00,-3.140576e+00,-1.787544e+00,4.087218e-01,5.258589e-01,8.356702e-01,1.228714e+00,1.503346e+00,1.629864e+00,2.005123e+00,2.656871e+00,2.637205e+02,4.249227e-01,-2.161632e-02,4.832684e-01,-9.148461e-01,-1.277200e-01,-6.744005e-01,2.901913e+00,5.272837e-02,7.909452e-01,1.664108e+00,1.613151e+00,-2.878525e+00,-1.940049e-01,1.983233e+00,-2.116399e+00,3.581958e-01,-1.451799e+00,5.068445e-03,-9.267294e-02,-7.888079e-04,8.237827e-02,2.656419e-01,6.756272e-02,4.753111e-02,7.660995e-02,2.870557e-03,2.250761e-03,1.406956e-02,2.516261e-02,-9.463847e-03,-2.524996e-03,4.430550e-02,-4.149771e-03,-2.434167e+00,-4.559452e-02,0,0,0,0,3.645787e+01,7.105434e-03,0,3.990572e-02
257,2.570000,9.338532e-02,-3.344368e+01,-1.760990e+01,2.380271e+00,-2.213649e+01,-1.073340e+01,-6.400301e+00,1.740166e+01,2.363698e+01,-8.470960e+00,-1.147568e+00,-2.034321e+00,1.898921e+00,-2.733605e+01,-7.393898e+00,-1.036513e+01,-5.985970e+00,-3.834887e+00,-2.781089e+00,-3.524307e+00,-4.140152e+00,-3.224752e+00,-3.112073e+00,-1.658103e+00,4.106979e-01,5.350187e-01,8.243089e-01,1.238001e+00,1.476317e+00,1.614978e+00,2.004784e+00,2.648843e+00,2.599853e+02,4.539320e-01,3.733151e-03,7.875187e-01,8.664802e-01,3.689428e-01,6.601507e-01,2.743275e+00,-7.523666e-02,-3.859552e+00,-6.088440e-01,7.542588e-01,-2.697534e+00,-3.441700e+00,2.114642e+00,-5.643845e-02,1.480707e+00,-2.270827e+00,3.882223e-01,6.600942e-02,-3.377461e-03,3.559852e-02,3.420963e-01,2.933264e-04,2.465320e-02,2.722359e-02,-1.898540e-02,-1.293879e-02,-1.456258e-02,-5.177724e-03,-4.549348e-02,-1.637138e-02,-2.672735e-02,-8.689578e-02,-4.805058e+00,3.995999e-02,7.296599e+01,0,0,7.202853e-02,5.840775e+01,1.322345e-02,2.921988e-03,5.809045e-02
258,2.580000,1.176382e-01,-3.249863e+01,-1.457678e+01,4.157257e+00,-1.982207e+01,-9.478441e+00,-7.326661e+00,1.091083e+01,2.369263e+01,-6.796313e+00,-8.003297e+00,-6.411106e+00,5.427681e+00,-2.604247e+01,-7.114376e+00,-1.243200e+01,-5.220435e+00,-3.629437e+00,-2.667954e+00,-3.589090e+00,-3.798018e+00,-3.325815e+00,-3.102359e+00,-1.767199e+00,3.694939e-01,5.057281e-01,7.679823e-01,1.221000e+00,1.384140e+00,1.549730e+00,1.916713e+00,2.420813e+00,2.534173e+02,5.199839e-01,3.121968e-02,1.170510e+00,2.801914e+00,3.920477e-01,2.286725e+00,2.980598e+00,-2.267593e+00,-1.016468e+01,-4.982067e+00,-4.270247e-01,-1.667299e+00,-5.592827e+00,1.256222e+00,3.177006e+00,1.538747e+00,-3.120198e+00,8.075190e-01,3.451691e-01,-6.007731e-02,1.876204e-02,5.147371e-01,3.156996e-03,-2.277667e-02,-7.706567e-02,-3.948043e-02,-2.330846e-02,-1.436538e-02,-3.196052e-02,-6.114024e-02,-1.635666e-02,-6.619940e-02,-1.272948e-01,-6.531795e+00,1.127911e-01,1.458064e+02,3.552717e-02,0,1.635143e-01,5.861348e+01,1.546961e-02,4.585036e-03,5.430958e-02
259,2.590000,1.810054e-01,-3.125808e+01,-1.051409e+01,5.390387e+00,-1.481262e+01,-5.593309e+00,-1.033089e+01,-6.322278e+00,1.111275e+01,-9.901431e+00,-4.622062e+00,-1.487982e+01,6.345306e+00,-1.990355e+01,-4.551633e+00,-1.786297e+01,-4.027733e+00,-3.167439e+00,-3.045554e+00,-3.723872e+00,-3.246076e+00,-3.377817e+00,-3.160173e+00,-1.871913e+00,3.066016e-01,4.721160e-01,7.337778e-01,1.157487e+00,1.292356e+00,1.544114e+00,1.745713e+00,2.222670e+00,2.448468e+02,7.923381e-01,2.724956e-02,1.782249e+00,3.737865e+00,-6.421149e-01,2.446946e+00,2.794157e+00,-3.959910e+00,-1.392638e+01,-7.771071e+00,-1.409950e+00,9.167524e-02,-5.420757e+00,2.247817e-01,5.776496e+00,1.001580e+00,-3.780575e+00,9.947166e-01,6.652011e-01,-1.125028e-02,1.567668e-01,7.209264e-01,1.267167e-01,-1.410809e-02,-9.594153e-02,-3.945782e-02,-2.700141e-02,2.513740e-02,-3.829575e-02,-4.206194e-02,1.743947e-02,-6.826448e-03,-4.992881e-02,-6.597049e+00,1.042014e-01,2.191356e+02,4.835366e-02,1.460994e-02,2.086951e-01,3.716062e+01,5.296887e-03,5.645949e-03,1.741396e-02
260,2.600000,1.961150e-01,-2.915048e+01,-6.067886e+00,3.884478e+00,-1.279673e+01,-2.022707e+00,-1.849993e+01,-2.414197e+01,9.767929e-01,-1.149679e+01,-4.536193e+00,-2.037974e+01,4.103371e+00,-1.274727e+01,-5.244794e+00,-2.229570e+01,-2.873182e+00,-2.131434e+00,-3.027716e+00,-3.448691e+00,-2.269042e+00,-3.164977e+00,-3.230409e+00,-2.065967e+00,2.633679e-01,4.407680e-01,8.091089e-01,1.109169e+00,1.289625e+00,1.583513e+00,1.803662e+00,2.233483e+00,2.386308e+02,8.196753e-01,4.466652e-02,2.298438e+00,3.186324e+00,-2.138088e+00,1.366616e+00,2.185170e+00,-3.388718e+00,-1.275997e+01,-7.020642e+00,-1.499524e+00,1.408820e+00,-2.847855e+00,-1.064937e+00,6.051282e+00,4.440489e-01,-2.687550e+00,8.595061e-01,7.667993e-01,1.326166e-01,3.753539e-01,7.923008e-01,2.777030e-01,6.213007e-02,4.188240e-03,-2.245450e-02,-1.558609e-02,5.863742e-02,-3.012078e-02,-1.197306e-02,3.645573e-02,5.181460e-02,6.501009e-02,-5.420606e+00,6.274711e-02,2.199826e+02,5.317121e-02,1.562021e-02,2.032146e-01,1.569009e+01,-8.696778e-03,2.249799e-03,-1.308251e-02
261,2.610000,1.903947e-01,-2.620651e+01,-3.175022e+00,-6.939141e-01,-1.341443e+01,-4.904867e-01,-2.061321e+01,-3.470386e+01,-3.860458e+00,-1.317047e+01,-2.422744e+00,-2.215379e+01,3.684984e+00,-5.101173e+00,-3.320789e+00,-2.433616e+01,-2.186013e+00,-1.257883e+00,-2.657459e+00,-2.810673e+00,-1.300007e+00,-2.671588e+00,-3.118588e+00,-1.988426e+00,2.664718e-01,4.324917e-01,9.294326e-01,1.102438e+00,1.313265e+00,1.685284e+00,2.027178e+00,2.492864e+00,2.343933e+02,8.250934e-01,6.307488e-02,2.332963e+00,2.122289e+00,-2.880696e+00,2.339901e-01,4.710806e-01,-1.074412e+00,-8.052562e+00,-4.130590e+00,-2.567646e-01,1.700145e+00,-1.173525e-01,-1.922726e+00,3.801116e+00,-7.731368e-01,-5.436268e-01,5.593131e-01,6.481892e-01,3.259593e-01,5.363468e-01,6.593183e-01,3.114073e-01,1.588357e-01,9.813818e-02,-2.482188e-03,-6.939560e-03,5.493193e-02,-2.086079e-02,-2.482689e-03,1.916411e-02,6.752285e-02,1.136066e-01,-3.783672e+00,1.640868e-03,2.216810e+02,1.766242e-02,2.041964e-02,1.392482e-01,1.127116e+00,-1.327895e-02,-2.124473e-03,-3.106684e-02
262,2.620000,3.362761e-01,-2.353222e+01,-2.314696e+00,-3.491033e+00,-1.368808e+01,-1.104004e+00,-1.912909e+01,-3.869823e+01,-3.923971e+00,-1.265941e+01,-2.058855e+00,-1.701340e+01,1.433158e+00,-3.187247e+00,-5.509553e+00,-2.263315e+01,-1.843765e+00,-7.502177e-01,-2.198919e+00,-2.168920e+00,-8.095482e-01,-2.290415e+00,-2.812501e+00,-1.688001e+00,2.772863e-01,4.476098e-01,9.633420e-01,1.097921e+00,1.313821e+00,1.661424e+00,2.035053e+00,2.610767e+00,2.315410e+02,8.173417e-01,6.690650e-02,1.535110e+00,1.041406e+00,-2.174978e+00,2.160690e-01,1.437611e-01,2.064991e+00,-3.176701e+00,-2.392388e+00,5.851966e-01,3.067570e+00,1.363814e+00,-3.244524e+00,6.836816e-01,-1.785841e-01,7.745913e-01,2.528782e-01,2.855900e-01,2.558524e-01,5.021746e-01,3.440562e-01,1.644563e-01,1.478839e-01,1.121925e-01,4.046246e-03,-6.274581e-05,1.931387e-02,-2.317522e-02,-1.043556e-02,-1.965612e-02,-3.144944e-03,7.279070e-02,-2.608017e+00,-9.195119e-03,2.229841e+02,7.388902e-03,8.344145e-03,1.328252e-01,9.189392e-01,-1.030727e-02,-3.656462e-03,-2.951654e-02
263,2.630000,4.262992e-01,-2.240239e+01,-1.779242e+00,-5.325338e+00,-1.319699e+01,-3.697258e+00,-1.538837e+01,-3.930696e+01,-7.089814e+00,-1.060394e+01,2.639993e+00,-1.714976e+01,-1.933218e+00,-5.677981e+00,-8.284938e+00,-2.041237e+01,-1.745876e+00,-6.171007e-01,-1.830157e+00,-1.682024e+00,-6.792319e-01,-2.258062e+00,-2.574949e+00,-1.570205e+00,2.872314e-01,4.339973e-01,9.313209e-01,1.058807e+00,1.267845e+00,1.600979e+00,1.967631e+00,2.602062e+00,2.294734e+02,8.017092e-01,2.589921e-02,1.390490e-01,4.627250e-01,-7.883726e-01,6.388792e-01,1.319041e+00,3.467388e+00,1.442536e+00,-6.454171e-01,5.364121e-01,3.048515e+00,5.058863e-01,-5.395257e+00,-3.126503e+00,6.092263e-01,1.583611e+00,7.053560e-02,-1.640932e-01,6.059539e-02,2.907899e-01,-1.284074e-02,-2.825956e-02,-2.609067e-02,-2.961962e-02,-3.829348e-03,4.049474e-03,-1.291096e-02,-3.162830e-02,-1.357930e-02,-5.369034e-02,-7.237081e-02,-4.962337e-02,-1.772533e+00,-1.032218e-02,2.232704e+02,4.850043e-03,7.625608e-03,8.855555e-02,7.339126e-01,-1.144019e-03,-3.709190e-03,-3.114256e-03
264,2.640000,4.126952e-01,-2.337699e+01,-1.558745e+00,-4.674700e+00,-1.182511e+01,2.994836e-01,-1.078740e+01,-3.772392e+01,-9.370467e+00,-9.854072e+00,8.270288e+00,-1.606268e+01,-9.310150e+00,-9.040456e+00,-3.655640e+00,-2.038463e+01,-1.828859e+00,-1.023875e+00,-2.162106e+00,-1.502143e+00,-8.591492e-01,-2.549458e+00,-2.762809e+00,-1.714115e+00,2.732193e-01,4.397015e-01,9.047341e-01,1.015108e+00,1.260157e+00,1.527385e+00,1.817710e+00,2.542838e+00,2.280507e+02,7.853918e-01,-4.821429e-02,-9.034517e-01,3.268671e-01,3.981942e-01,7.167964e-01,2.731237e+00,4.325230e+00,5.609235e+00,6.108189e-01,-1.759250e+00,8.213230e-01,-1.634565e-01,-6.252766e+00,-5.610097e+00,1.942350e+00,1.190924e+00,4.795350e-02,-5.055925e-01,-1.201085e-01,8.751639e-02,-2.977895e-01,-1.094306e-01,-1.909220e-01,-1.673189e-01,-1.594182e-02,1.636989e-02,-2.753633e-02,-2.453120e-02,1.168644e-03,-4.502860e-02,-6.472645e-02,-9.788668e-02,-1.062943e+00,-4.598719e-03,2.237826e+02,8.041028e-03,3.734914e-03,8.097824e-02,1.065814e+00,1.622898e-03,-6.824390e-04,1.716307e-02
265,2.650000,2.816812e-01,-2.558888e+01,-1.239372e+00,-4.043944e+00,-1.115152e+01,5.402972e+00,-7.447120e+00,-2.797833e+01,-4.364296e+00,-1.189108e+01,7.655258e+00,-2.009972e+01,-1.791965e+01,-1.780708e+01,-1.201614e+00,-1.754236e+01,-1.840788e+00,-1.941521e+00,-2.372889e+00,-1.690112e+00,-1.339410e+00,-2.683364e+00,-3.273887e+00,-2.123468e+00,2.493586e-01,4.566933e-01,8.941818e-01,9.857026e-01,1.272201e+00,1.483852e+00,1.773995e+00,2.278711e+00,2.272758e+02,7.894575e-01,-4.671343e-02,-1.169365e+00,2.702270e-01,1.040842e+00,6.125435e-01,2.438818e+00,3.680293e+00,8.077603e+00,1.868169e+00,-4.544556e+00,-2.801426e+00,8.866863e-02,-6.002460e+00,-7.499215e+00,1.170186e+00,9.180630e-01,1.479187e-01,-5.974151e-01,-1.408427e-01,-7.025780e-02,-4.772894e-01,-4.067717e-02,-2.313737e-01,-2.041893e-01,-2.316869e-02,2.245053e-02,-3.466981e-02,-1.307505e-02,2.308092e-02,-2.807896e-02,-4.307934e-02,-8.665840e-02,-3.354843e-01,2.090281e-03,2.249513e+02,1.161626e-02,4.178305e-03,1.496004e-01,1.846889e+00,1.633848e-03,3.322873e-04,2.993721e-02
266,2.660000,1.675137e-01,-2.645623e+01,-9.502955e-01,-2.140759e+00,-1.112684e+01,8.002067e+00,-1.473564e+00,-1.631636e+01,-2.232636e+00,-2.081210e+01,-4.598726e-01,-1.635570e+01,-2.183746e+01,-2.517318e+01,6.605331e-01,-1.811354e+01,-1.556541e+00,-2.615970e+00,-2.528095e+00,-1.727294e+00,-1.968407e+00,-2.624917e+00,-3.417641e+00,-2.247965e+00,2.165136e-01,5.181112e-01,8.442299e-01,1.011817e+00,1.317486e+00,1.494844e+00,1.808239e+00,2.283008e+00,2.273251e+02,8.004740e-01,-7.575938e-03,-7.544909e-01,3.451225e-01,1.089715e+00,5.483238e-01,-9.239572e-02,1.850555e+00,6.986235e+00,1.072740e+00,-6.060890e+00,-5.485759e+00,5.307158e-01,-3.910857e+00,-7.832358e+00,-1.137959e+00,1.895777e-01,2.812936e-01,-3.820314e-01,-4.329364e-02,-1.331892e-01,-4.820522e-01,6.080244e-02,-1.156553e-01,-1.499434e-01,-2.106919e-02,1.812847e-02,-3.312637e-02,9.026378e-03,4.234196e-02,1.400578e-03,2.223837e-02,1.927609e-02,3.850204e-01,5.484009e-03,2.274727e+02,1.212029e-02,6.655601e-03,1.881182e-01,2.546542e+00,1.114079e-04,8.201646e-04,6.837793e-03
267,2.670000,3.153228e-01,-2.670959e+01,-7.323324e-01,-1.388098e+00,-1.048341e+01,4.645542e+00,-1.643825e+00,-9.622722e+00,-1.317884e+00,-2.784771e+01,-7.002059e+00,-1.655990e+01,-2.568187e+01,-3.510769e+01,-4.592094e+00,-1.695761e+01,-1.142442e+00,-2.808129e+00,-2.351375e+00,-1.920737e+00,-2.511050e+00,-2.423718e+00,-3.404401e+00,-2.324227e+00,1.997408e-01,5.070451e-01,7.882240e-01,9.950776e-01,1.354585e+00,1.476854e+00,1.756970e+00,2.298684e+00,2.281588e+02,8.046195e-01,6.319581e-02,-2.710465e-01,3.803921e-01,1.244301e+00,1.075338e+00,-2.161319e+00,-5.222837e-01,3.316842e+00,1.364084e-01,-4.874718e+00,-5.614425e+00,1.001341e-01,-1.789947e+00,-5.859626e+00,-2.287881e+00,-1.847866e-01,3.360470e-01,-7.250671e-02,-1.280165e-03,-2.105275e-01,-3.549317e-01,8.469679e-02,-3.503942e-03,-6.662266e-02,-1.516521e-02,-2.203518e-03,-2.414288e-02,2.674508e-02,3.892847e-02,1.440034e-02,5.377962e-02,1.060453e-01,1.020274e+00,2.013820e-03,2.306598e+02,1.097965e-02,7.826701e-03,1.846716e-01,2.926042e+00,-6.039290e-04,-1.903023e-05,-2.753370e-02
268,2.680000,3.579947e-01,-2.658909e+01,-8.665222e-02,-5.540481e-01,-9.417542e+00,2.162198e-01,-4.436267e+00,-1.197056e+01,-5.529975e+00,-3.218021e+01,-1.182985e+01,-1.517901e+01,-2.498332e+01,-3.955194e+01,-7.650196e+00,-1.972912e+01,-7.715641e-01,-2.500728e+00,-2.389331e+00,-2.052776e+00,-2.683590e+00,-2.375269e+00,-3.275829e+00,-2.363452e+00,1.926823e-01,5.051679e-01,7.920812e-01,1.055552e+00,1.430675e+00,1.537887e+00,1.937415e+00,2.629232e+00,2.295343e+02,8.052309e-01,1.031751e-01,-9.920807e-02,2.194139e-01,1.284482e+00,1.546865e+00,-2.936226e+00,-2.321772e+00,3.096861e-01,5.007443e-01,-2.247142e+00,-4.204088e+00,-1.908608e+00,-7.766388e-01,-3.127333e+00,-2.455230e+00,-3.610783e-01,2.826074e-01,1.032507e-01,1.478994e-02,-2.903907e-01,-1.934598e-01,5.111508e-02,3.851104e-02,-1.320744e-02,-7.774356e-03,-2.102359e-02,-3.672177e-03,4.572284e-02,2.609497e-02,2.218584e-02,8.941214e-02,1.121850e-01,1.477878e+00,-2.170801e-04,2.336611e+02,8.916371e-03,6.011538e-03,9.763158e-02,2.850711e+00,-4.296456e-04,-9.463811e-04,-3.958053e-02
269,2.690000,5.024198e-01,-2.687769e+01,2.307664e-01,1.384204e+00,-6.629479e+00,-1.510702e+00,-8.577187e+00,-1.356703e+01,-2.033584e+00,-3.058061e+01,-1.473188e+01,-2.018739e+01,-2.529645e+01,-3.991584e+01,-8.485656e+00,-1.765850e+01,-5.530419e-01,-2.361675e+00,-2.448672e+00,-2.580008e+00,-2.756477e+00,-2.384704e+00,-3.362314e+00,-2.398837e+00,1.854482e-01,4.521473e-01,7.995418e-01,1.097560e+00,1.410249e+00,1.534332e+00,1.978305e+00,2.635826e+00,2.312726e+02,7.971482e-01,7.769904e-02,2.409153e-01,2.736219e-01,1.141912e+00,1.309335e+00,-2.510521e+00,-1.292342e+00,-1.302752e-01,8.631325e-01,1.082306e-01,-2.688236e+00,-2.619429e+00,4.684143e-02,4.447544e-01,-5.096736e-01,-3.916155e-01,1.901797e-01,1.598758e-01,7.469706e-02,-2.005932e-01,-3.355563e-02,1.907945e-03,9.846099e-02,3.986387e-02,-3.426677e-03,-1.681235e-02,9.271848e-03,4.548682e-02,9.206856e-03,2.388195e-02,1.008617e-01,8.307574e-02,1.772028e+00,2.484673e-03,2.364874e+02,1.019857e-02,4.405185e-03,5.717519e-02,2.654477e+00,-7.621415e-04,-7.309962e-04,-3.058271e-02
270,2.700000,5.898408e-01,-2.686823e+01,-3.347754e-01,2.895498e+00,-5.319481e+00,-3.600943e+00,-9.615742e+00,-1.279578e+01,6.289361e-01,-3.068136e+01,-1.761540e+01,-2.408499e+01,-2.591336e+01,-3.840578e+01,-9.668834e+00,-1.956848e+01,-4.382043e-01,-2.322943e+00,-2.405497e+00,-2.849612e+00,-2.812992e+00,-2.388849e+00,-3.246130e+00,-2.276697e+00,1.847882e-01,4.404422e-01,8.202102e-01,1.189190e+00,1.420129e+00,1.577034e+00,2.144632e+00,2.675363e+00,2.331575e+02,8.031242e-01,4.455913e-02,7.115204e-01,4.767365e-01,2.641989e-01,-6.904622e-01,-2.857268e+00,8.189926e-01,4.504398e-01,1.319016e+00,1.715592e+00,-1.181171e+00,-2.212443e+00,2.868668e-01,1.683414e+00,9.204809e-01,6.319389e-02,6.459032e-02,2.244298e-01,2.926579e-01,5.166890e-02,6.806133e-02,-3.437526e-02,1.617078e-01,1.063442e-01,7.187071e-03,-7.880670e-03,-3.419167e-03,5.222035e-03,-1.331390e-02,3.967834e-03,2.597171e-02,1.207211e-02,1.970868e+00,8.309859e-03,2.388125e+02,1.036260e-02,3.634454e-03,5.396372e-02,2.567378e+00,7.097137e-04,2.094103e-03,-9.774608e-03
271,2.710000,5.878950e-01,-2.536545e+01,7.598386e-01,2.596688e+00,-5.985769e+00,-5.998479e+00,-5.515800e+00,-9.861485e+00,-8.167712e-02,-2.805598e+01,-1.755046e+01,-2.520406e+01,-2.498264e+01,-3.345700e+01,-6.131143e+00,-1.899600e+01,-3.582229e-01,-2.097642e+00,-1.969807e+00,-2.525285e+00,-2.614127e+00,-2.407389e+00,-2.926945e+00,-2.168285e+00,1.865545e-01,4.553462e-01,8.205187e-01,1.155693e+00,1.405892e+00,1.576690e+00,2.157670e+00,2.690997e+00,2.352073e+02,8.180962e-01,-2.318301e-02,1.181358e+00,8.490055e-01,-9.941524e-01,-3.583003e+00,-3.823586e+00,2.305459e+00,1.658155e-01,5.894810e-01,2.450291e+00,-7.574024e-02,1.009953e-01,1.032925e+00,1.281292e+00,2.139047e+00,4.519920e-01,-6.966710e-02,3.636798e-01,5.275722e-01,3.688032e-01,1.438607e-01,-3.504102e-02,2.197908e-01,1.540686e-01,2.244929e-02,9.609764e-03,-2.083771e-02,-3.444804e-02,-1.657792e-02,-1.146485e-02,-1.997322e-02,2.548623e-03,2.112378e+00,1.366981e-02,2.413564e+02,6.445832e-03,5.360262e-03,5.359198e-02,2.536923e+00,1.767288e-03,4.664277e-03,-1.316677e-03
272,2.720000,5.380527e-01,-2.378760e+01,2.032494e+00,1.607044e-01,-1.319171e+01,-1.182623e+01,-1.871998e+00,-1.157113e+01,8.915202e-02,-2.486456e+01,-1.632641e+01,-2.373290e+01,-2.370589e+01,-3.436428e+01,-4.225048e+00,-1.874440e+01,-5.460219e-01,-1.510595e+00,-1.165474e+00,-1.821793e+00,-2.414459e+00,-2.535803e+00,-2.684974e+00,-1.947007e+00,2.280645e-01,4.641651e-01,7.644969e-01,1.052596e+00,1.366283e+00,1.536547e+00,1.977591e+00,2.662007e+00,2.374213e+02,8.363062e-01,-6.610527e-02,1.298155e+00,1.205746e+00,-1.717335e+00,-5.596825e+00,-4.346756e+00,1.681157e+00,-3.404681e-01,1.215579e+00,3.338354e+00,4.943060e-01,2.085772e+00,1.625202e+00,1.307037e-01,2.650974e+00,1.495799e+00,-1.781565e-01,4.875453e-01,6.755906e-01,4.959679e-01,1.512955e-01,2.552533e-03,1.634512e-01,1.351120e-01,3.686597e-02,7.092261e-03,-4.163371e-02,-6.579491e-02,-2.341630e-02,-3.522683e-02,-8.621458e-02,-1.858456e-02,2.228374e+00,1.252339e-02,2.440634e+02,1.434131e-02,1.600451e-02,5.055015e-02,2.576346e+00,2.976222e-03,4.972129e-03,2.300589e-03
273,2.730000,4.123988e-01,-2.251121e+01,3.292159e+00,-2.219162e+00,-2.060838e+01,-1.651599e+01,-9.217631e-01,-1.335028e+01,1.183712e+00,-2.123755e+01,-1.575507e+01,-1.985847e+01,-2.123556e+01,-3.553012e+01,-5.123152e-01,-1.581058e+01,-8.474686e-01,-9.494503e-01,-4.308229e-01,-1.249901e+00,-2.236440e+00,-2.486432e+00,-2.543937e+00,-1.793339e+00,2.760565e-01,4.883347e-01,7.232099e-01,9.936168e-01,1.354282e+00,1.497252e+00,1.961960e+00,2.655247e+00,2.397026e+02,8.489063e-01,-8.125912e-02,1.040950e+00,1.015221e+00,-1.665968e+00,-5.475015e+00,-3.694576e+00,1.232625e-01,-1.742344e-01,1.630420e+00,2.648905e+00,6.299505e-01,3.007870e+00,1.558851e+00,-6.872746e-01,2.064209e+00,1.410456e+00,-2.073483e-01,4.488409e-01,6.009849e-01,4.305830e-01,9.205802e-02,6.217215e-02,7.027686e-02,8.191447e-02,3.968248e-02,2.108786e-03,-4.115233e-02,-5.121617e-02,-1.235323e-02,-3.217876e-02,-7.265630e-02,-2.591357e-02,2.318797e+00,8.728599e-03,2.465465e+02,1.704566e-02,2.154154e-02,5.229859e-02,2.590074e+00,1.555422e-03,1.468622e-03,6.884092e-03
274,2.740000,3.470626e-01,-2.180457e+01,4.427796e+00,-3.283253e+00,-2.599230e+01,-2.007597e+01,-3.506978e+00,-1.275373e+01,6.074135e+00,-1.739880e+01,-1.604157e+01,-1.632893e+01,-1.966089e+01,-3.671570e+01,7.766209e-01,-1.368220e+01,-1.084364e+00,-4.593125e-01,2.029639e-01,-1.007465e+00,-2.245358e+00,-2.336564e+00,-2.620378e+00,-1.788610e+00,3.243670e-01,4.594092e-01,6.606960e-01,9.412534e-01,1.328853e+00,1.440619e+00,1.811414e+00,2.600315e+00,2.420518e+02,8.503361e-01,-8.212411e-02,9.144882e-01,9.215382e-01,-1.369444e+00,-3.402486e+00,-2.107683e+00,-5.945472e-01,7.742952e-01,1.224225e+00,1.522918e+00,6.096038e-01,3.327965e+00,9.824507e-01,3.321922e-01,1.262897e+00,1.197315e+00,-1.216468e-01,3.268354e-01,4.347473e-01,3.325063e-01,7.042766e-02,1.079059e-01,2.186945e-02,1.323286e-02,2.843307e-02,-1.790142e-03,-2.623052e-02,-3.371561e-02,-4.967213e-03,-1.962141e-02,-5.784007e-02,-2.917917e-02,2.384204e+00,5.575633e-03,2.490992e+02,1.994380e-02,2.040446e-02,6.611336e-02,2.580415e+00,-1.545187e-03,-2.756733e-03,1.342293e-02
275,2.750000,2.770945e-01,-2.115221e+01,4.638291e+00,-4.011173e+00,-2.696055e+01,-2.034649e+01,-4.081997e+00,-1.014136e+01,5.077934e+00,-1.854434e+01,-1.454313e+01,-1.386669e+01,-1.921089e+01,-3.571767e+01,1.689066e+00,-1.447483e+01,-1.125793e+00,-3.790792e-01,3.508986e-01,-7.795341e-01,-2.238387e+00,-2.196147e+00,-2.607859e+00,-1.837912e+00,3.368156e-01,4.682681e-01,6.666575e-01,9.552836e-01,1.362841e+00,1.463760e+00,1.877477e+00,2.592275e+00,2.444860e+02,8.547242e-01,-4.994722e-02,9.531097e-01,7.982534e-01,-1.459275e+00,-1.763634e+00,-1.075402e+00,3.104833e-01,5.810634e-01,2.071100e-01,2.933781e-01,3.091031e-01,2.776204e+00,6.441168e-01,9.686966e-01,-1.062047e-01,6.695669e-01,-1.553899e-02,2.204204e-01,3.063484e-01,3.348671e-01,1.054372e-01,6.943872e-02,6.188111e-02,2.613401e-02,1.597361e-02,-1.351896e-03,-1.094812e-02,-2.598952e-02,-8.605790e-03,-9.381318e-03,-5.605226e-02,-2.050567e-02,2.425847e+00,3.783286e-03,2.517889e+02,1.142170e-02,1.050340e-02,8.023084e-02,2.550778e+00,-2.624838e-03,-3.852380e-03,1.226266e-02
276,2.760000,1.950843e-01,-1.989466e+01,5.967119e+00,-5.790511e+00,-2.702805e+01,-2.044940e+01,-3.264616e+00,-9.304111e+00,4.263167e+00,-1.859658e+01,-1.388436e+01,-1.008896e+01,-1.980597e+01,-3.260955e+01,9.887488e-01,-1.342571e+01,-1.015093e+00,-1.616039e-01,6.174017e-01,-3.944452e-01,-2.061347e+00,-2.141416e+00,-2.543666e+00,-1.858556e+00,3.398503e-01,4.652477e-01,6.616204e-01,9.031847e-01,1.337168e+00,1.455186e+00,1.730632e+00,2.547597e+00,2.469506e+02,8.612754e-01,-1.905417e-02,1.062548e+00,7.973245e-01,-1.924204e+00,-1.195069e+00,-4.257036e-01,1.694511e+00,-5.756947e-01,-1.195914e+00,-1.396103e-02,-6.226805e-01,2.177946e+00,1.054944e+00,1.082703e+00,-8.939770e-01,7.506984e-01,5.554746e-02,1.631914e-01,2.440881e-01,4.078332e-01,1.964857e-01,7.722592e-03,1.338304e-01,5.717219e-02,8.881983e-03,7.959038e-03,3.595328e-03,-2.308814e-02,-1.319093e-02,2.176380e-03,-1.832126e-02,-4.190445e-04,2.417508e+00,3.321791e-03,2.543443e+02,9.427355e-03,7.739920e-03,1.036987e-01,2.392516e+00,-2.680708e-03,-2.147758e-03,6.860244e-03
277,2.770000,2.386518e-01,-1.870062e+01,6.513764e+00,-8.261908e+00,-2.890867e+01,-2.170628e+01,5.094727e-01,-1.216977e+01,3.124746e+00,-1.917177e+01,-1.528816e+01,-9.097431e+00,-1.794243e+01,-3.273971e+01,-1.149402e+00,-1.259099e+01,-9.597988e-01,3.797660e-03,8.937003e-01,1.179247e-01,-1.801260e+00,-2.236813e+00,-2.272888e+00,-1.627696e+00,3.481829e-01,4.786560e-01,6.680071e-01,8.827035e-01,1.307096e+00,1.443062e+00,1.722090e+00,2.579078e+00,2.493824e+02,8.623531e-01,1.224370e-02,1.017978e+00,7.466148e-01,-1.910686e+00,-1.659311e+00,-1.610020e-01,2.194242e+00,-1.776675e+00,-1.768772e+00,4.757728e-02,-1.461812e+00,6.378635e-01,2.200708e+00,-4.904480e-02,-1.439111e+00,1.180414e+00,8.887182e-02,1.478419e-01,2.326767e-01,4.354080e-01,2.333887e-01,-4.235637e-02,1.390423e-01,7.550315e-02,7.726520e-03,1.366004e-02,8.036410e-03,-1.229749e-02,-1.501008e-02,2.042788e-02,3.298076e-02,1.950295e-02,2.345252e+00,9.365559e-04,2.566779e+02,9.179690e-03,8.611911e-03,9.481923e-02,2.128478e+00,-1.021110e-03,-3.190453e-04,-6.103953e-03
278,2.780000,2.710131e-01,-1.771763e+01,7.476682e+00,-1.077891e+01,-3.099358e+01,-2.152459e+01,2.669841e+00,-1.461800e+01,1.071159e+00,-1.715489e+01,-1.878245e+01,-7.823832e+00,-1.502040e+01,-3.279116e+01,-2.274030e+00,-1.087062e+01,-8.896238e-01,1.652059e-01,1.152004e+00,5.829716e-01,-1.481493e+00,-2.277619e+00,-2.118711e+00,-1.607856e+00,3.630932e-01,4.940105e-01,6.779979e-01,8.621027e-01,1.290771e+00,1.461850e+00,1.797502e+00,2.604818e+00,2.516911e+02,8.631306e-01,4.107123e-02,6.886387e-01,5.045438e-01,-1.316392e+00,-1.739813e+00,3.853870e-01,1.618927e+00,-1.544736e+00,-2.726708e+00,-2.657433e-01,-1.562053e+00,-6.341785e-01,2.666873e+00,-1.395467e+00,-1.213895e+00,1.401551e+00,9.810083e-02,8.082750e-02,1.512808e-01,3.635007e-01,1.845823e-01,-4.419560e-02,7.468943e-02,1.608533e-02,5.945253e-03,1.701212e-02,1.269299e-02,6.042892e-03,-6.662727e-04,3.848547e-02,1.121872e-01,3.273254e-02,2.217073e+00,-1.493448e-03,2.586173e+02,7.661260e-03,1.061141e-02,9.312039e-02,1.832529e+00,-8.503802e-04,-5.239029e-04,-1.570749e-02
279,2.790000,3.003486e-01,-1.715084e+01,7.616583e+00,-1.107040e+01,-3.327434e+01,-2.061390e+01,3.921985e+00,-1.636779e+01,-2.169924e+00,-1.902730e+01,-1.940314e+01,-1.180994e+01,-1.060013e+01,-3.587209e+01,-3.875101e+00,-9.850300e+00,-7.441689e-01,1.967254e-01,1.246981e+00,9.087975e-01,-1.361371e+00,-2.339828e+00,-2.125125e+00,-1.585746e+00,3.638268e-01,5.221869e-01,6.986508e-01,9.143372e-01,1.310989e+00,1.562567e+00,2.008946e+00,2.661179e+00,2.538420e+02,8.584793e-01,4.657423e-02,2.915287e-01,3.487302e-01,-1.084300e-01,-9.641512e-01,1.207349e+00,8.796646e-01,-5.595455e-01,-2.633401e+00,-5.598055e-01,-5.194834e-01,-4.942197e-01,2.009184e+00,-1.703362e+00,-3.750182e-01,1.746794e+00,1.065039e-01,5.586398e-03,3.186084e-02,2.092889e-01,8.158710e-02,-2.103901e-02,-2.304983e-02,-4.913133e-02,-2.540648e-04,1.273338e-02,1.188759e-02,8.598059e-03,5.585170e-03,3.378792e-02,1.091025e-01,2.196739e-02,2.047127e+00,-1.880383e-03,2.602948e+02,7.199193e-03,7.472426e-03,5.500022e-02,1.537259e+00,-1.110632e-03,-1.419220e-03,-1.035881e-02
280,2.800000,3.695921e-01,-1.722636e+01,7.938428e+00,-1.096822e+01,-3.354428e+01,-1.906865e+01,3.123764e+00,-1.492878e+01,-6.723038e+00,-1.999754e+01,-1.963714e+01,-1.190360e+01,-1.014275e+01,-3.802070e+01,-3.717878e+00,-7.788299e+00,-6.324043e-01,1.460698e-01,1.197165e+00,1.027622e+00,-1.358380e+00,-2.310886e+00,-2.244100e+00,-1.799105e+00,3.617546e-01,5.285429e-01,7.097635e-01,9.175823e-01,1.331890e+00,1.587861e+00,2.148140e+00,2.670209e+00,2.558062e+02,8.557450e-01,7.709707e-02,-1.483267e-01,5.931306e-02,1.117597e+00,-1.882278e-01,1.467851e+00,2.604633e-01,-9.122858e-02,-1.951031e+00,-7.880303e-01,4.350922e-01,5.242994e-01,6.564605e-01,-1.896674e+00,9.204658e-01,1.591105e+00,8.144386e-02,-5.740199e-02,-8.761227e-02,1.727484e-02,-3.559408e-02,-2.581847e-02,-7.295735e-02,-6.071912e-02,-7.702753e-03,4.470766e-04,4.908329e-03,-7.815945e-03,-3.707457e-03,-6.951869e-03,2.069235e-02,-1.457501e-03,1.843152e+00,-1.739287e-03,2.616985e+02,6.165702e-03,5.690148e-03,4.507071e-02,1.231241e+00,-3.975038e-04,-1.361153e-03,-1.518536e-04
281,2.810000,4.222335e-01,-1.748861e+01,8.026542e+00,-8.709401e+00,-3.245407e+01,-1.689751e+01,4.680834e+00,-1.481210e+01,-6.145159e+00,-2.054948e+01,-1.745823e+01,-9.528647e+00,-1.033533e+01,-3.864175e+01,-2.302570e+00,-5.398184e+00,-5.558891e-01,4.129769e-02,1.030424e+00,9.420441e-01,-1.454881e+00,-2.325374e+00,-2.325443e+00,-1.777728e+00,3.475819e-01,5.250567e-01,7.115622e-01,8.979540e-01,1.314462e+00,1.548997e+00,2.092283e+00,2.656220e+00,2.575605e+02,8.566440e-01,7.393377e-02,-4.765614e-01,-3.022063e-01,1.711939e+00,4.082760e-01,1.125552e+00,-7.411559e-02,-6.864232e-01,-7.261577e-01,-7.266348e-01,5.982361e-01,1.869700e+00,-9.159824e-01,-1.240864e+00,2.104581e+00,9.236194e-01,2.756640e-02,-9.369018e-02,-1.722356e-01,-1.510490e-01,-1.012283e-01,-4.142742e-02,-5.821068e-02,-1.462567e-02,-1.183048e-02,-1.203707e-02,-2.908355e-03,-2.703477e-02,-2.141399e-02,-4.469038e-02,-9.231465e-02,-6.772623e-02,1.604013e+00,-9.599089e-04,2.628236e+02,4.374308e-03,3.976443e-03,6.705001e-02,8.865845e-01,-2.108329e-04,9.138044e-04,1.143891e-02
282,2.820000,5.955560e-01,-1.829038e+01,7.568268e+00,-6.371426e+00,-3.234485e+01,-1.604353e+01,3.592732e+00,-1.585198e+01,-6.696376e+00,-2.033395e+01,-1.757945e+01,-6.342979e+00,-1.187050e+01,-4.088969e+01,1.542033e+00,-5.141155e+00,-5.765445e-01,-4.409026e-02,8.222211e-01,6.527225e-01,-1.612708e+00,-2.413938e+00,-2.383339e+00,-1.815461e+00,3.327019e-01,4.948110e-01,6.960838e-01,8.312146e-01,1.270497e+00,1.433876e+00,1.859295e+00,2.600011e+00,2.590476e+02,8.553519e-01,4.064670e-02,-6.070396e-01,-7.291900e-01,1.767006e+00,6.606241e-01,5.130493e-01,-4.079692e-01,-1.491589e+00,-1.662029e-01,-1.498907e+00,1.593180e-01,1.572113e+00,-1.691003e+00,-6.943779e-01,2.139729e+00,-4.388546e-01,2.145380e-03,-1.172273e-01,-2.221024e-01,-2.396422e-01,-1.322051e-01,-5.823813e-02,-1.929088e-02,5.264931e-02,-1.439551e-02,-1.447954e-02,-6.447172e-03,-2.361747e-02,-2.516360e-02,-4.556649e-02,-1.367395e-01,-9.169946e-02,1.334363e+00,-2.544528e-03,2.635091e+02,7.086183e-03,5.553641e-03,8.633623e-02,5.254242e-01,2.068512e-04,1.784051e-03,3.144598e-03
283,2.830000,5.570355e-01,-1.900163e+01,6.290632e+00,-4.809106e+00,-3.183267e+01,-1.649870e+01,3.316923e+00,-1.933830e+01,-5.814043e+00,-2.249227e+01,-1.744081e+01,-5.241746e+00,-1.431617e+01,-4.064191e+01,4.017849e+00,-6.555775e+00,-6.342669e-01,-1.766455e-01,5.732754e-01,3.410023e-01,-1.740348e+00,-2.495439e+00,-2.346559e+00,-1.650696e+00,3.192007e-01,4.788675e-01,6.909489e-01,8.223472e-01,1.234615e+00,1.416108e+00,1.691795e+00,2.357647e+00,2.602414e+02,8.538764e-01,3.901464e-03,-4.959694e-01,-1.057828e+00,1.311891e+00,1.119260e+00,1.546867e-01,-4.399858e-01,-1.226430e+00,-3.493189e-01,-2.367866e+00,-7.547760e-02,4.334910e-01,-1.854627e+00,1.715534e-01,1.449139e+00,-1.163122e+00,3.993058e-03,-1.460302e-01,-2.399328e-01,-2.354136e-01,-1.154870e-01,-3.411360e-02,2.338631e-02,9.563959e-02,-1.311493e-02,-8.592367e-03,-4.589057e-03,-8.325035e-03,-9.094584e-03,-2.328726e-02,-8.443974e-02,-7.523606e-02,1.054083e+00,-4.084349e-03,2.638224e+02,5.684788e-03,1.210970e-02,9.156200e-02,2.132355e-01,-4.396309e-04,1.472512e-03,-2.725330e-03
284,2.840000,5.054246e-01,-1.950504e+01,5.160433e+00,-4.083340e+00,-3.055186e+01,-1.670281e+01,1.765874e+00,-2.012362e+01,-7.719611e+00,-2.652068e+01,-1.884926e+01,-6.186481e+00,-1.660735e+01,-4.049251e+01,3.820558e+00,-9.403777e+00,-5.824885e-01,-3.310952e-01,3.152273e-01,1.299318e-01,-1.876672e+00,-2.517044e+00,-2.329997e+00,-1.599374e+00,3.039677e-01,4.792397e-01,6.878343e-01,8.372984e-01,1.245995e+00,1.426473e+00,1.664687e+00,2.360998e+00,2.611375e+02,8.444062e-01,-3.060151e-02,-2.194275e-01,-9.935781e-01,1.157987e+00,1.616970e+00,6.960049e-01,-1.304357e-01,6.671772e-02,1.658585e-01,-2.887098e+00,3.791342e-01,-7.885106e-01,-1.166274e+00,1.126443e+00,1.763126e-01,-6.179138e-01,4.588167e-02,-1.594430e-01,-2.164058e-01,-1.857275e-01,-8.341746e-02,2.108793e-02,5.071664e-03,1.184722e-01,-1.230147e-02,1.972905e-03,-2.785444e-04,1.188466e-02,1.557968e-02,3.214169e-03,1.534233e-02,1.032944e-02,7.906433e-01,-4.112673e-03,2.638262e+02,6.544719e-03,1.054377e-02,4.853771e-02,3.143311e-04,-5.267703e-04,-5.195596e-04,8.473814e-04
285,2.850000,4.868065e-01,-1.936112e+01,3.941319e+00,-3.293987e+00,-2.775427e+01,-1.579444e+01,3.394335e+00,-1.880843e+01,-7.380136e+00,-2.929545e+01,-1.720072e+01,-7.439441e+00,-1.724004e+01,-3.798258e+01,3.803864e+00,-9.082482e+00,-5.329518e-01,-5.453510e-01,8.425663e-02,2.637173e-02,-1.900335e+00,-2.444389e+00,-2.235183e+00,-1.407574e+00,2.963744e-01,4.898804e-01,6.927417e-01,8.532869e-01,1.281240e+00,1.436262e+00,1.767388e+00,2.399546e+00,2.617860e+02,8.416951e-01,3.707105e-03,-8.157273e-02,-5.150599e-01,9.929087e-01,2.003906e+00,1.215467e+00,-2.714110e-01,1.411238e+00,1.020639e+00,-2.103627e+00,7.560394e-01,-1.403724e+00,-1.739317e-01,1.677436e+00,-4.031226e-01,1.825825e-01,7.296990e-02,-1.351994e-01,-1.576380e-01,-1.662147e-01,-6.198416e-02,6.164050e-02,-4.719803e-02,5.893559e-02,-1.111460e-02,8.169109e-03,6.341272e-03,2.939363e-02,2.917925e-02,2.009040e-02,9.180079e-02,8.673322e-02,5.705139e-01,-2.260423e-03,2.637312e+02,2.446886e-03,8.843938e-03,7.232262e-02,-8.984985e-02,9.097052e-05,-2.194045e-03,1.613794e-02
286,2.860000,4.776629e-01,-1.920777e+01,3.775034e+00,-1.339050e+00,-2.629920e+01,-1.291564e+01,2.901848e+00,-1.578333e+01,-5.084037e+00,-3.136785e+01,-1.580382e+01,-9.186685e+00,-1.623993e+01,-3.658714e+01,2.530588e+00,-6.967371e+00,-3.977937e-01,-6.569524e-01,-1.529831e-02,-1.185995e-01,-1.949802e+00,-2.334023e+00,-2.413669e+00,-1.344661e+00,2.826077e-01,4.991690e-01,6.937947e-01,8.751680e-01,1.325083e+00,1.439870e+00,1.898210e+00,2.630708e+00,2.622285e+02,8.408791e-01,2.145045e-02,-1.660093e-01,8.088470e-03,5.335680e-01,2.067800e+00,9.041663e-01,-1.072385e+00,1.185589e+00,1.961180e+00,-1.095444e+00,4.122477e-01,-1.460887e+00,-4.693861e-02,1.827787e+00,-8.380083e-01,2.375359e-01,6.726110e-02,-7.755572e-02,-8.636655e-02,-1.923513e-01,-5.497254e-02,7.987194e-02,-8.888845e-02,-1.385778e-02,-9.582502e-03,6.174147e-03,7.127708e-03,4.063777e-02,2.817593e-02,2.833375e-02,1.002994e-01,8.083351e-02,4.148560e-01,4.949629e-04,2.635563e+02,6.071283e-03,4.588725e-03,1.001928e-01,-5.212402e-02,4.451297e-04,-1.446913e-03,2.218379e-02
287,2.870000,5.894518e-01,-1.955813e+01,4.408032e+00,-1.216708e+00,-2.393947e+01,-1.231495e+01,1.391881e+00,-1.445226e+01,-2.028637e+00,-3.058681e+01,-1.518333e+01,-1.076026e+01,-1.536954e+01,-3.420741e+01,2.647221e+00,-6.861065e+00,-3.617648e-01,-6.897139e-01,-4.965193e-02,-3.658054e-01,-2.013703e+00,-2.278747e+00,-2.540713e+00,-1.483375e+00,2.743077e-01,5.097484e-01,7.196751e-01,9.503805e-01,1.340968e+00,1.509861e+00,2.034038e+00,2.656458e+00,2.625484e+02,8.443378e-01,2.285997e-02,-3.937996e-01,4.304103e-01,-2.660022e-01,1.917218e+00,-8.108559e-02,-2.679527e+00,2.585841e-01,1.823882e+00,-3.232834e-01,-9.985245e-01,-1.378676e+00,-4.271706e-01,9.953319e-01,-1.108547e+00,-7.238616e-01,5.137717e-02,-7.890100e-03,-3.058681e-02,-2.279020e-01,-5.635611e-02,9.051843e-02,-1.047610e-01,-1.286503e-01,-8.418268e-03,-7.066637e-04,1.313573e-03,4.149305e-02,1.579806e-02,2.737274e-02,4.035667e-02,-5.142927e-04,3.293823e-01,1.679111e-03,2.635081e+02,6.376358e-03,4.117003e-03,1.464241e-01,7.299194e-02,3.683496e-04,-9.563392e-04,8.127651e-03
288,2.880000,5.613541e-01,-2.023659e+01,4.967519e+00,-2.454139e+00,-2.212026e+01,-1.392172e+01,-2.594826e+00,-1.637377e+01,-5.894615e-01,-3.135221e+01,-1.779671e+01,-1.183051e+01,-1.777730e+01,-3.324116e+01,2.088376e-01,-9.326806e+00,-3.317765e-01,-6.466924e-01,-4.965114e-02,-6.357363e-01,-2.094850e+00,-2.200505e+00,-2.621674e+00,-1.630763e+00,2.670885e-01,5.001765e-01,7.100062e-01,9.919404e-01,1.357011e+00,1.531342e+00,2.032859e+00,2.636709e+00,2.628306e+02,8.455597e-01,1.909423e-02,-5.482165e-01,3.588124e-01,-7.806829e-01,1.399983e+00,-1.288510e+00,-3.670486e+00,-5.449630e-01,9.807649e-01,-2.154497e-01,-2.412808e+00,-1.099998e+00,-7.766564e-01,-2.927799e-01,-1.146752e+00,-1.011245e+00,1.615832e-02,2.768835e-02,-4.987415e-03,-2.264722e-01,-4.828210e-02,1.045454e-01,-7.194495e-02,-1.697644e-01,-4.992890e-03,-7.541058e-03,-9.058153e-03,3.963683e-02,6.710863e-03,2.340785e-02,-1.158541e-02,-7.378113e-02,2.941956e-01,1.884019e-03,2.636771e+02,6.805631e-03,5.672674e-03,1.224059e-01,1.886383e-01,9.637317e-05,2.351090e-04,-1.041520e-02
289,2.890000,5.592607e-01,-2.081571e+01,5.497128e+00,-4.066453e+00,-2.025765e+01,-1.569683e+01,-7.254962e+00,-1.722029e+01,-5.080144e-01,-3.091968e+01,-2.119689e+01,-1.301091e+01,-1.860722e+01,-3.467891e+01,-5.779965e-01,-1.152207e+01,-3.090745e-01,-5.899315e-01,-5.150102e-02,-8.545697e-01,-2.109591e+00,-2.058555e+00,-2.654985e+00,-1.907774e+00,2.620426e-01,4.858434e-01,6.912038e-01,1.002366e+00,1.344267e+00,1.527390e+00,1.901847e+00,2.393974e+00,2.631319e+02,8.477504e-01,-1.494879e-02,-5.475330e-01,2.419593e-01,-5.991809e-01,7.532474e-01,-1.521725e+00,-4.128180e+00,-1.119518e-01,8.120610e-02,-1.066908e-01,-2.887259e+00,-1.245233e+00,-2.854767e-01,-1.780701e+00,-7.061399e-01,-2.574071e-01,7.271227e-03,4.293073e-02,1.932399e-02,-2.097310e-01,-3.162880e-02,1.223540e-01,-6.576662e-02,-1.926949e-01,-8.662224e-04,-1.039661e-02,-1.776319e-02,3.861450e-02,4.451668e-03,1.536293e-02,-1.686487e-02,-7.082851e-02,2.869568e-01,1.231050e-03,2.640358e+02,3.921460e-03,3.520267e-03,1.018543e-01,2.652435e-01,4.101559e-04,2.684194e-04,-1.982845e-02
290,2.900000,5.882297e-01,-2.132006e+01,5.024548e+00,-3.817592e+00,-2.114020e+01,-1.766725e+01,-1.112716e+01,-1.712413e+01,-9.405234e-01,-3.227867e+01,-2.486108e+01,-1.356135e+01,-1.850438e+01,-3.781529e+01,-1.590561e+00,-9.693091e+00,-3.433472e-01,-5.684019e-01,-3.931085e-02,-1.006579e+00,-2.143269e+00,-1.921392e+00,-2.716257e+00,-1.981283e+00,2.637758e-01,4.734162e-01,6.627396e-01,1.047359e+00,1.356988e+00,1.548145e+00,1.906378e+00,2.393045e+00,2.634078e+02,8.485929e-01,-1.047967e-02,-3.573503e-01,1.050081e-02,2.189583e-01,2.202347e-01,-9.817487e-01,-3.362468e+00,7.442684e-01,5.305833e-02,4.979347e-01,-1.582610e+00,-1.367351e+00,1.184854e+00,-2.314245e+00,4.232697e-01,7.561504e-01,-9.676138e-03,3.984892e-02,3.190321e-02,-1.828926e-01,-2.211599e-02,9.980998e-02,-4.862690e-02,-1.375223e-01,2.928692e-03,-6.699729e-03,-1.455392e-02,4.491423e-02,8.436978e-03,1.760892e-02,2.490300e-02,4.942870e-03,3.042908e-01,9.962500e-04,2.642356e+02,7.780598e-03,6.062638e-03,7.040171e-02,3.562805e-01,1.347264e-03,7.160382e-04,-5.806073e-03
291,2.910000,5.012701e-01,-2.175406e+01,5.589314e+00,-3.530886e+00,-2.066327e+01,-1.805081e+01,-1.498285e+01,-1.463684e+01,-1.447075e+00,-3.065704e+01,-2.608744e+01,-1.612101e+01,-1.643338e+01,-4.082385e+01,1.622136e-02,-7.964958e+00,-3.196233e-01,-5.142055e-01,4.179785e-02,-1.229039e+00,-2.147638e+00,-1.806534e+00,-2.822254e+00,-2.271589e+00,2.716329e-01,4.711455e-01,6.544924e-01,1.115744e+00,1.363237e+00,1.578274e+00,2.012954e+00,2.424148e+00,2.636946e+02,8.489764e-01,-2.447940e-02,-8.004723e-02,-8.588080e-02,6.807339e-01,6.687012e-02,-2.947260e-01,-2.181741e+00,8.643796e-01,7.136921e-01,1.123262e+00,1.020912e-01,-1.425887e+00,1.551729e+00,-1.164122e+00,8.916906e-01,1.204926e+00,-1.570166e-02,4.574334e-02,6.794272e-02,-1.534629e-01,-3.226471e-03,6.619878e-02,-3.282709e-02,-4.699873e-02,4.207808e-03,-6.260750e-03,-1.537157e-02,2.077364e-02,6.448400e-03,-5.672717e-03,1.356566e-02,2.381458e-02,3.602203e-01,3.083646e-04,2.645551e+02,7.939654e-03,5.264118e-03,7.328400e-02,5.280151e-01,1.573025e-03,8.478686e-04,2.359811e-03
292,2.920000,5.379511e-01,-2.155416e+01,4.973930e+00,-1.627132e+00,-2.081628e+01,-1.765347e+01,-1.554322e+01,-1.394415e+01,1.453605e-01,-2.899386e+01,-2.326449e+01,-1.711222e+01,-1.293994e+01,-4.173992e+01,2.028077e+00,-7.324612e+00,-3.748828e-01,-4.853108e-01,6.321546e-02,-1.362965e+00,-2.186407e+00,-1.827466e+00,-2.781174e+00,-2.136467e+00,2.769368e-01,4.740268e-01,6.555923e-01,1.159823e+00,1.389710e+00,1.593944e+00,2.101821e+00,2.646337e+00,2.640707e+02,8.499279e-01,-2.713188e-02,2.062168e-01,-1.639433e-01,6.721163e-01,-1.162968e-01,9.773369e-02,-6.635243e-01,2.347564e-01,1.246695e+00,1.697985e+00,8.709444e-01,-8.365263e-01,1.292810e+00,4.895062e-01,7.936462e-01,6.766145e-01,-2.297645e-02,5.364982e-02,9.208402e-02,-8.192780e-02,1.417005e-02,2.108700e-02,9.139299e-03,4.933872e-02,2.179343e-03,-7.209268e-03,-1.620536e-02,-2.993121e-02,-7.125926e-03,-3.863167e-02,-6.621152e-02,-6.012237e-02,4.513733e-01,3.043055e-04,2.651989e+02,1.153285e-02,8.380939e-03,1.076607e-01,7.248291e-01,1.157104e-03,2.125190e-04,2.672585e-03
293,2.930000,4.620030e-01,-2.109890e+01,5.093033e+00,-1.758014e+00,-2.008526e+01,-1.717735e+01,-1.595564e+01,-1.448839e+01,2.517504e+00,-2.694578e+01,-2.148473e+01,-1.836492e+01,-1.363079e+01,-3.853721e+01,2.071138e+00,-6.681681e+00,-3.718150e-01,-4.027604e-01,2.369495e-01,-1.443691e+00,-2.104155e+00,-1.774524e+00,-2.786662e+00,-2.065176e+00,2.765011e-01,4.542344e-01,6.179196e-01,1.050002e+00,1.360147e+00,1.476126e+00,1.871954e+00,2.386401e+00,2.646015e+02,8.486247e-01,-2.561144e-02,3.702595e-01,-2.472999e-01,4.911160e-01,-3.808605e-01,3.460998e-02,1.368500e+00,-6.301587e-01,1.239518e+00,1.511414e+00,6.061543e-01,2.470810e-01,7.040265e-01,2.218463e+00,2.107400e-03,4.280097e-01,-2.911155e-02,4.131366e-02,8.404160e-02,2.607504e-02,1.418481e-02,-3.573071e-02,6.180014e-02,1.438803e-01,-5.766749e-05,-8.050883e-03,-1.722304e-02,-7.247086e-02,-2.106969e-02,-5.796578e-02,-1.383815e-01,-1.417867e-01,5.380036e-01,5.580187e-05,2.661942e+02,9.910457e-03,6.600460e-03,9.502388e-02,7.978882e-01,4.528965e-04,-3.994002e-04,-8.333847e-03
294,2.940000,4.722038e-01,-2.061656e+01,4.452972e+00,-1.343446e+00,-2.201069e+01,-1.761532e+01,-1.395839e+01,-1.602458e+01,3.310663e+00,-2.564437e+01,-2.280771e+01,-1.662202e+01,-1.344162e+01,-3.651108e+01,1.350212e+00,-6.951658e+00,-4.321336e-01,-3.558753e-01,3.235334e-01,-1.308892e+00,-2.094160e+00,-1.831962e+00,-2.688357e+00,-1.837796e+00,2.722384e-01,4.458255e-01,5.999992e-01,9.305739e-01,1.322903e+00,1.406060e+00,1.645820e+00,2.111306e+00,2.652112e+02,8.502903e-01,-3.896771e-02,3.587807e-01,-1.462177e-01,1.880230e-01,-7.467922e-01,-7.714096e-01,3.125369e+00,-5.484605e-01,-3.726389e-01,1.115935e+00,-2.955385e-01,8.859054e-01,7.862241e-01,2.701843e+00,-6.853490e-02,-2.409113e-01,-2.563960e-02,3.298515e-02,7.203519e-02,1.485470e-01,-2.571342e-02,-1.213925e-01,1.294369e-01,1.456228e-01,-4.859239e-04,-6.339696e-03,-1.014912e-02,-7.791647e-02,-2.511517e-02,-4.871659e-02,-1.202611e-01,-1.232417e-01,5.825806e-01,8.275688e-04,2.670402e+02,1.258072e-02,6.457062e-03,7.289469e-02,7.163086e-01,-8.747706e-04,-9.131302e-04,-1.291316e-02
295,2.950000,4.060865e-01,-2.037156e+01,4.613294e+00,-1.217149e+00,-2.197037e+01,-1.789684e+01,-8.932767e+00,-1.674742e+01,3.167863e+00,-2.477471e+01,-2.328506e+01,-1.513070e+01,-1.266241e+01,-3.234595e+01,3.656909e-01,-6.011387e+00,-4.365556e-01,-3.723550e-01,3.318469e-01,-1.125701e+00,-2.122837e+00,-1.982940e+00,-2.559662e+00,-1.701523e+00,2.736938e-01,4.449917e-01,5.961738e-01,8.680137e-01,1.291293e+00,1.382387e+00,1.549046e+00,1.982729e+00,2.658144e+02,8.490742e-01,-2.676802e-02,4.279892e-01,-9.902001e-04,8.075420e-02,-1.097995e+00,-1.447283e+00,4.638838e+00,-1.266907e-01,-1.633208e+00,7.132084e-01,-4.386467e-01,1.206940e+00,1.671120e+00,2.754818e+00,7.959012e-02,-1.063950e+00,-1.788623e-02,4.005487e-02,7.242601e-02,2.784322e-01,-5.357792e-02,-2.088214e-01,1.918377e-01,1.595082e-01,1.239625e-03,1.256844e-03,1.904768e-03,-4.787770e-02,-2.576883e-02,-1.112299e-02,-3.570534e-02,1.807952e-03,5.840881e-01,1.643449e-03,2.676238e+02,9.680205e-03,4.229056e-03,4.899778e-02,5.886017e-01,-1.876864e-03,-7.387746e-04,-3.546416e-03
296,2.960000,3.710708e-01,-2.012393e+01,4.482711e+00,-9.574490e-01,-2.360769e+01,-2.115077e+01,-3.427811e+00,-1.555693e+01,-2.043014e+00,-2.449972e+01,-2.384202e+01,-1.429980e+01,-9.493012e+00,-3.132633e+01,2.538126e+00,-8.864315e+00,-4.707105e-01,-3.355878e-01,3.759427e-01,-7.792249e-01,-2.305633e+00,-2.330221e+00,-2.247490e+00,-1.590179e+00,2.759109e-01,4.469496e-01,6.157196e-01,8.612348e-01,1.298562e+00,1.397231e+00,1.661969e+00,2.231964e+00,2.663772e+02,8.538410e-01,-6.873098e-03,5.741614e-01,2.241611e-01,-6.173736e-01,-1.306337e+00,-1.981919e+00,4.596014e+00,3.351629e-01,-2.716196e+00,8.697567e-02,-1.574974e-01,9.839519e-01,1.072390e+00,2.984060e+00,-1.865589e-01,-1.700350e+00,-1.260489e-03,7.777838e-02,1.287670e-01,3.725313e-01,-1.414719e-02,-2.114215e-01,2.079607e-01,1.345857e-01,4.633248e-03,6.552023e-03,7.881796e-03,-2.117133e-02,-2.635977e-02,1.198065e-02,2.306337e-02,8.604177e-02,5.674804e-01,2.149284e-03,2.680656e+02,7.274127e-03,5.000990e-03,6.610797e-02,5.176819e-01,-2.506623e-03,-6.766743e-04,-5.591545e-04
297,2.970000,3.787295e-01,-1.920527e+01,5.073212e+00,-1.547242e+00,-2.477674e+01,-2.264603e+01,1.973264e+00,-1.535566e+01,-2.971696e+00,-2.395206e+01,-2.316081e+01,-1.349133e+01,-7.249499e+00,-2.735549e+01,1.875131e+00,-1.104510e+01,-4.419577e-01,-2.126298e-01,5.728748e-01,-3.163634e-01,-2.266308e+00,-2.569502e+00,-2.047907e+00,-1.391444e+00,2.808630e-01,4.599565e-01,6.195832e-01,8.452835e-01,1.243474e+00,1.424926e+00,1.685353e+00,2.335112e+00,2.669390e+02,8.550666e-01,2.750118e-02,7.098911e-01,1.800892e-01,-1.211479e+00,-1.668471e+00,-1.509040e+00,3.788838e+00,-1.096869e-02,-3.029571e+00,-1.492922e-01,8.143711e-01,7.575628e-01,1.674034e-01,2.568177e+00,-8.159951e-01,-1.663663e+00,-1.230504e-02,9.850982e-02,1.494216e-01,4.023236e-01,9.217453e-02,-1.593604e-01,1.716827e-01,1.282582e-01,8.354560e-03,1.384987e-02,1.110297e-02,-8.206916e-03,-1.834351e-02,3.461280e-02,5.290742e-02,9.140432e-02,5.252930e-01,1.252079e-03,2.686245e+02,3.179431e-03,3.634623e-03,8.068516e-02,3.987396e-01,-1.829443e-03,-5.031922e-04,-5.536687e-04
298,2.980000,4.515169e-01,-1.832890e+01,5.343818e+00,-4.265268e+00,-2.713918e+01,-2.515031e+01,3.568666e+00,-1.504464e+01,-7.200536e+00,-2.562082e+01,-2.365732e+01,-1.252195e+01,-1.078613e+01,-2.408601e+01,-3.373026e-01,-1.293655e+01,-4.357350e-01,-4.684602e-02,8.468547e-01,1.490961e-01,-2.093161e+00,-2.595788e+00,-1.904430e+00,-1.319908e+00,2.918200e-01,4.711032e-01,6.277034e-01,8.360824e-01,1.215014e+00,1.444694e+00,1.692984e+00,2.365324e+00,2.674863e+02,8.580405e-01,2.685877e-02,6.048223e-01,-9.676671e-02,-1.518985e+00,-1.135852e+00,-1.759308e-01,2.892313e+00,-8.663380e-01,-2.708210e+00,1.080412e-01,2.617988e+00,1.134286e+00,-1.022750e+00,1.859002e+00,-1.194411e+00,3.794057e-01,-5.799729e-02,5.284940e-02,6.469343e-02,3.243314e-01,2.059291e-01,-6.531825e-02,1.048967e-01,1.164979e-01,1.120842e-02,1.667811e-02,1.808437e-02,-1.518911e-03,7.790446e-04,3.640013e-02,6.720269e-02,6.567173e-02,4.060547e-01,-2.448964e-03,2.691283e+02,3.297989e-03,3.370907e-03,5.425523e-02,4.835510e-02,-4.494594e-04,-2.621904e-04,-4.009902e-03
299,2.990000,5.033694e-01,-1.771962e+01,5.083186e+00,-5.620633e+00,-2.854697e+01,-2.344227e+01,6.513184e+00,-1.705841e+01,-9.401229e+00,-2.496062e+01,-1.930555e+01,-1.223181e+01,-1.117883e+01,-2.312523e+01,-2.276570e+00,-1.229358e+01,-5.155686e-01,-2.417674e-02,8.434989e-01,4.217569e-01,-1.768201e+00,-2.646958e+00,-1.872778e+00,-1.195368e+00,3.075120e-01,5.021643e-01,6.456967e-01,8.395553e-01,1.241349e+00,1.531720e+00,1.798076e+00,2.373071e+00,2.678863e+02,8.532348e-01,-1.432736e-02,1.009315e-01,-5.116442e-01,-8.842583e-01,-6.400620e-01,1.061830e+00,1.981176e+00,-2.085416e+00,-2.853532e+00,6.865932e-01,4.078167e+00,1.642156e+00,-2.029628e+00,-1.119391e-01,-6.656509e-01,2.161191e+00,-1.130662e-01,-3.272004e-02,-1.082910e-01,1.668769e-01,2.105382e-01,-6.648479e-02,2.439544e-02,8.784507e-02,8.390588e-03,1.109045e-02,2.607479e-02,3.235340e-03,1.440287e-02,2.495332e-02,7.265367e-02,3.605943e-02,1.380249e-01,-1.122079e-02,2.690862e+02,2.521060e-03,2.528136e-03,5.215580e-02,-6.660675e-01,8.767949e-04,2.427502e-04,-1.193108e-03
300,3.000000,4.430446e-01,-1.784264e+01,3.993891e+00,-6.515680e+00,-2.740183e+01,-2.163231e+01,8.763792e+00,-1.903725e+01,-1.236929e+01,-2.345523e+01,-1.267971e+01,-9.258128e+00,-1.264209e+01,-2.414646e+01,-1.358080e+00,-6.343048e+00,-7.238915e-01,-1.655673e-01,5.640978e-01,4.733718e-01,-1.525041e+00,-2.618084e+00,-1.810571e+00,-1.105728e+00,3.186285e-01,5.092363e-01,6.930847e-01,8.565044e-01,1.303520e+00,1.525835e+00,1.941621e+00,2.541343e+00,2.679338e+02,8.425121e-01,-3.420467e-02,-5.025619e-01,-9.594800e-01,7.223558e-01,4.644524e-01,2.158899e+00,6.888781e-01,-3.386135e+00,-1.465331e+00,1.351371e+00,5.199224e+00,2.104291e+00,-2.570923e+00,-8.384253e-01,-6.210063e-02,2.946779e+00,-1.506518e-01,-1.171963e-01,-3.163241e-01,-8.896504e-02,9.144368e-02,-1.043348e-01,-5.479620e-02,1.103995e-01,6.154805e-04,1.012480e-03,3.129510e-02,1.085650e-02,1.848521e-02,1.357787e-02,5.836320e-02,1.800919e-02,-1.757202e-01,-2.841374e-02,2.680765e+02,5.356015e-03,4.243281e-03,6.032314e-02,-1.888004e+01,9.791724e-04,2.276478e-04,2.742272e-04
301,3.010000,3.113288e-01,-1.894374e+01,3.189955e+00,-4.843327e+00,-2.784572e+01,-1.909588e+01,9.281578e+00,-2.378644e+01,-1.465497e+01,-2.160189e+01,-8.258781e+00,-6.912460e+00,-1.646966e+01,-2.788497e+01,-9.427347e-01,-3.535904e+00,-8.632104e-01,-3.168694e-01,1.727985e-01,3.558831e-01,-1.497677e+00,-2.890778e+00,-1.972860e+00,-1.059308e+00,3.094118e-01,4.963422e-01,7.172666e-01,8.512492e-01,1.271235e+00,1.509122e+00,1.924303e+00,2.427399e+00,2.674054e+02,8.067269e-01,-2.733878e-02,-1.112717e+00,-1.470067e+00,2.732387e+00,1.238728e+00,2.474236e+00,-1.404444e+00,-2.226845e+00,-1.985510e-01,7.934658e-01,4.374254e+00,1.655192e+00,-3.080034e+00,2.217789e-01,2.403700e-01,1.284001e+00,-1.689196e-01,-2.206328e-01,-4.815181e-01,-3.933763e-01,-1.660044e-01,-1.438665e-01,-1.405265e-01,9.676497e-02,-1.102864e-02,-1.294132e-02,2.840047e-02,2.105659e-02,1.772991e-02,7.065940e-03,1.760128e-02,-4.640794e-03,-3.966888e-01,-8.798934e-02,2.658200e+02,6.534392e-03,4.412186e-03,7.168566e-02,-4.546722e+01,1.976235e-04,-2.165311e-04,-7.291188e-03
302,3.020000,3.765138e-01,-2.022965e+01,1.493034e+00,-1.042142e+00,-2.516755e+01,-1.652901e+01,5.628859e+00,-2.861130e+01,-1.190032e+01,-2.054333e+01,-3.184589e+00,-4.660168e+00,-2.099533e+01,-2.589827e+01,-1.314723e+00,-2.581493e+00,-1.015173e+00,-4.864812e-01,-3.994153e-01,-2.627921e-01,-1.771204e+00,-2.995552e+00,-2.128371e+00,-8.359401e-01,2.939475e-01,4.790767e-01,7.483940e-01,8.845180e-01,1.292497e+00,1.523882e+00,1.921686e+00,2.428205e+00,2.668481e+02,7.392258e-01,1.299942e-02,-1.630428e+00,-2.488343e+00,4.092060e+00,1.337084e+00,2.702834e+00,-2.760307e+00,2.180688e+00,2.538899e+00,5.163929e-01,2.809269e+00,2.523688e-01,-8.161583e-01,2.759242e+00,-6.052408e-01,-1.233165e+00,-3.532673e-01,-4.190973e-01,-5.557612e-01,-6.295902e-01,-4.511202e-01,-1.532778e-01,-2.006567e-01,7.990894e-02,-9.205061e-03,-7.253462e-03,1.418909e-02,3.659926e-02,2.773528e-02,2.600082e-02,-1.694560e-03,6.464720e-03,-3.936035e-01,-1.201424e-01,1.763612e+02,6.187185e-03,3.567121e-03,4.586143e-02,-7.143654e+01,-1.415283e-03,-1.111519e-03,-1.694012e-02
303,3.030000,3.999409e-01,-2.208970e+01,-1.016720e+00,5.304534e+00,-2.347047e+01,-1.362273e+01,1.058429e+00,-2.340561e+01,-1.062847e+01,-2.244924e+01,-2.181844e+00,-6.254827e+00,-2.240238e+01,-2.114043e+01,-1.096398e+00,-7.754353e+00,-1.214526e+00,-9.668839e-01,-1.082335e+00,-1.177043e+00,-2.475141e+00,-3.177557e+00,-2.416511e+00,-8.464370e-01,2.647093e-01,4.525375e-01,7.600444e-01,9.308315e-01,1.335510e+00,1.568026e+00,1.896050e+00,2.406436e+00,2.664456e+02,4.649313e-01,5.484289e-03,-2.119777e+00,-3.827522e+00,3.719739e+00,1.059591e+00,2.649424e+00,-2.790707e+00,8.214902e+00,5.183544e+00,8.212713e-01,1.274566e+00,-4.860958e-01,2.710065e+00,3.964273e+00,-1.321921e+00,-2.173683e+00,-6.936698e-01,-6.953289e-01,-5.789526e-01,-7.384997e-01,-6.258510e-01,-9.736423e-02,-2.068554e-01,1.510527e-02,5.935907e-03,3.981352e-03,4.065341e-03,5.614284e-02,3.457601e-02,2.266645e-02,-1.087911e-02,4.515777e-02,-2.321930e-01,-1.127940e-01,8.760780e+01,3.093593e-03,1.783561e-03,2.293072e-02,-7.080013e+01,-1.925597e-03,-1.239149e-03,-1.892328e-02
304,3.040000,4.637357e-01,-2.442180e+01,-6.344486e+00,8.870688e+00,-2.290403e+01,-1.085472e+01,-9.261706e-01,-8.324224e+00,-1.688048e+00,-2.044959e+01,-1.671838e+00,-8.325101e+00,-1.375652e+01,-1.372252e+01,-4.307452e+00,-1.039965e+01,-2.314571e+00,-1.936046e+00,-1.587141e+00,-1.908116e+00,-3.291910e+00,-3.241083e+00,-2.592028e+00,-8.126186e-01,2.949544e-01,4.948713e-01,7.426413e-01,9.997095e-01,1.410058e+00,1.626387e+00,1.947275e+00,2.584148e+00,2.664456e+02,4.126980e-01,-4.055943e-02,-2.617862e+00,-4.771445e+00,1.630153e+00,4.312386e-01,2.106877e+00,-2.407416e+00,1.077188e+01,5.890953e+00,1.796997e+00,2.566236e-01,-3.647743e-01,5.324032e+00,3.129508e+00,-2.009373e+00,-1.856535e+00,-1.057202e+00,-8.877546e-01,-5.777696e-01,-6.937968e-01,-6.003128e-01,-5.340336e-02,-1.843685e-01,-9.080778e-02,2.776638e-02,2.282028e-02,5.014730e-03,6.684553e-02,2.788376e-02,1.153344e-02,-2.267188e-02,4.688327e-02,-8.049927e-02,-3.062041e-02,0,0,0,0,-4.403301e+01,-1.546796e-03,-8.917803e-04,-1.146536e-02
305,3.050000,2.951393e-01,-2.744655e+01,-1.202890e+01,8.798951e+00,-2.367953e+01,-8.685914e+00,-1.394443e+00,7.144529e+00,6.156609e+00,-1.754241e+01,-2.642329e+00,-7.510473e+00,-6.538735e+00,-1.415148e+01,-6.055977e+00,-1.049524e+01,-3.681861e+00,-3.068731e+00,-2.128102e+00,-2.513953e+00,-3.866579e+00,-3.254833e+00,-2.775308e+00,-9.954426e-01,3.385879e-01,5.083516e-01,7.404696e-01,1.074368e+00,1.385334e+00,1.571202e+00,1.857113e+00,2.575217e+00,2.664456e+02,4.060207e-01,-7.611208e-02,-2.857742e+00,-4.285988e+00,-5.667428e-01,7.106697e-01,4.636423e-01,-2.650984e+00,8.146486e+00,5.097427e+00,2.740935e+00,6.046287e-01,2.970691e-01,5.015597e+00,5.674047e-01,-1.232675e+00,-1.821268e-01,-1.141122e+00,-7.980750e-01,-5.396369e-01,-6.521277e-01,-4.582196e-01,-2.335560e-02,-1.442931e-01,-1.988458e-01,3.737362e-02,2.381264e-02,1.770295e-02,7.110637e-02,2.327054e-02,-1.799369e-03,-2.083957e-02,3.279090e-02,0,1.069475e-02,0,0,0,0,-1.752156e+01,-6.187185e-04,-3.567121e-04,-4.586143e-03
306,3.060000,2.261174e-01,-3.064054e+01,-1.685810e+01,5.361414e+00,-2.290683e+01,-8.463035e+00,-5.181786e+00,9.973033e+00,9.161908e+00,-1.401177e+01,-1.671229e+00,-5.856216e+00,-2.306996e+00,-1.374521e+01,-8.881799e+00,-1.049372e+01,-5.067515e+00,-3.874331e+00,-2.765380e+00,-3.063321e+00,-4.077049e+00,-3.223931e+00,-2.870815e+00,-1.215476e+00,3.958401e-01,5.652710e-01,7.832550e-01,1.146978e+00,1.407003e+00,1.579961e+00,1.827795e+00,2.578231e+00,2.664456e+02,6.155790e-01,-8.920236e-02,-2.676571e+00,-2.504716e+00,-1.310860e+00,1.691988e+00,-1.125677e+00,-2.800709e+00,3.487858e+00,2.679478e+00,1.837212e+00,5.377793e-01,4.502468e-01,2.938966e+00,-1.436369e+00,-3.859288e-01,1.462693e-01,-8.292179e-01,-5.416309e-01,-4.797173e-01,-5.749234e-01,-3.196476e-01,-3.467934e-02,-1.272772e-01,-2.886684e-01,2.491651e-02,1.211142e-02,2.429524e-02,5.635251e-02,2.257960e-02,-4.344606e-03,-2.683252e-02,-6.290174e-03,0,-3.953357e-02,0,0,0,0,0,0,0,0
307,3.070000,1.381896e-01,-3.326904e+01,-1.718985e+01,4.225457e+00,-1.991573e+01,-1.250036e+01,-1.006868e+01,8.178195e+00,9.433685e+00,-1.196348e+01,8.409953e-01,-6.003924e+00,-3.049158e+00,-1.829206e+01,-4.972602e+00,-8.617949e+00,-5.543664e+00,-3.988117e+00,-3.191400e+00,-3.860079e+00,-4.373669e+00,-3.302911e+00,-2.998583e+00,-1.639237e+00,4.011345e-01,5.364009e-01,8.282523e-01,1.212729e+00,1.453390e+00,1.582242e+00,1.851592e+00,2.573349e+00,2.664456e+02,4.169645e-01,-5.718968e-02,-1.860359e+00,-4.989485e-01,-7.804894e-01,2.217539e+00,-2.110208e+00,-1.317855e+00,1.663814e+00,2.394297e+00,1.177391e+00,7.294922e-02,-3.103597e-01,2.345850e+00,-1.443601e+00,2.190188e-01,1.468898e-01,-3.909022e-01,-2.704822e-01,-2.410992e-01,-3.905396e-01,-2.240031e-01,-6.443532e-02,-7.724361e-02,-2.679507e-01,1.162216e-02,1.987267e-03,1.194078e-02,3.090657e-02,2.363416e-02,6.268740e-03,-1.401720e-02,-8.077836e-03,0,-1.218062e-01,0,0,0,0,0,0,0,0
308,3.080000,9.619876e-02,-3.489341e+01,-1.628759e+01,4.603137e+00,-1.632599e+01,-1.457588e+01,-1.059260e+01,8.598233e+00,1.007081e+01,-1.405299e+01,-7.246032e-01,-6.827141e+00,-8.064806e-01,-1.883407e+01,-6.778783e+00,-1.060695e+01,-5.529758e+00,-4.184508e+00,-3.454079e+00,-4.109671e+00,-4.636603e+00,-3.390441e+00,-3.116777e+00,-1.934063e+00,3.882636e-01,5.414038e-01,8.202261e-01,1.212291e+00,1.488928e+00,1.599144e+00,1.815873e+00,2.553632e+00,2.664456e+02,2.095583e-01,-3.099259e-02,-7.774407e-01,2.766382e-01,2.894620e-01,1.459422e+00,-1.516974e+00,9.855221e-01,2.020973e+00,2.390394e+00,8.920738e-01,-1.132107e+00,-9.164644e-01,3.461004e+00,-7.097594e-01,7.857615e-01,-4.957705e-02,-7.715378e-02,-1.520058e-01,-2.983131e-02,-1.527982e-01,-1.265254e-01,-9.528351e-02,1.157436e-02,-1.287416e-01,-2.478078e-03,-3.369695e-03,-7.901281e-03,6.190729e-03,7.515812e-03,9.193528e-03,2.093952e-02,8.978319e-03,0,-1.221206e-01,0,0,0,0,0,0,0,0
309,3.090000,7.415026e-02,-3.462191e+01,-1.480890e+01,5.275643e+00,-1.588225e+01,-1.618053e+01,-5.278311e+00,1.615100e+01,1.767365e+01,-1.163484e+01,-2.750895e+00,-8.576809e+00,4.440259e+00,-1.882505e+01,-6.012391e+00,-9.704182e+00,-5.405250e+00,-4.266054e+00,-2.989248e+00,-3.943476e+00,-4.706818e+00,-3.493755e+00,-3.038545e+00,-1.975903e+00,4.004869e-01,5.302216e-01,7.816880e-01,1.196244e+00,1.462543e+00,1.592954e+00,1.792988e+00,2.547127e+00,2.664456e+02,0,8.758614e-03,2.410339e-01,-1.833515e-02,5.571469e-01,3.123480e-01,1.704002e-01,1.614496e+00,1.740165e+00,2.085957e+00,1.580549e+00,-1.378435e+00,-1.203699e+00,4.215917e+00,1.063775e+00,1.446458e+00,4.532111e-01,1.125741e-02,-1.046044e-01,9.408186e-02,1.694477e-02,4.753518e-02,-4.632857e-02,9.759150e-02,3.803641e-02,-7.408804e-03,1.153964e-03,-1.758741e-02,-5.089438e-03,-1.630395e-02,3.878260e-03,2.674026e-02,1.277318e-02,-1.475464e-01,9.960157e-03,0,0,0,0,1.717287e+01,0,0,0
310,3.100000,1.031742e-01,-3.385130e+01,-1.666539e+01,6.283632e+00,-1.762646e+01,-1.420782e+01,-2.649362e+00,1.609150e+01,1.699390e+01,-9.715719e+00,-5.535818e+00,-9.152096e+00,1.125332e+01,-1.702751e+01,-4.433097e+00,-1.019849e+01,-5.522491e+00,-4.495391e+00,-3.015612e+00,-3.785613e+00,-4.543102e+00,-3.604926e+00,-2.792962e+00,-1.690852e+00,3.837735e-01,5.515122e-01,7.670308e-01,1.186174e+00,1.440006e+00,1.620572e+00,1.961795e+00,2.636234e+00,2.664456e+02,2.134582e-01,3.192582e-02,1.036691e+00,6.104698e-02,5.970435e-02,-8.621534e-01,1.244923e+00,9.615381e-01,-2.040332e+00,-3.913229e-01,1.981628e+00,-5.542845e-01,-1.625307e+00,2.610230e+00,1.664697e+00,2.740796e+00,9.505746e-01,1.135641e-01,6.628213e-02,1.291357e-01,1.126849e-01,2.555625e-01,-1.784968e-02,1.451738e-01,1.400951e-01,-1.224672e-02,6.145776e-04,-4.715544e-03,-2.740264e-04,-1.976668e-02,2.202666e-03,5.605634e-02,1.973848e-02,-5.219787e-01,1.535842e-01,0,0,0,0,4.276234e+01,0,0,2.609189e-02
311,3.110000,1.784949e-01,-3.258493e+01,-1.709263e+01,6.170944e+00,-1.770375e+01,-1.183239e+01,-5.967821e+00,1.313239e+01,1.640192e+01,-6.229373e+00,-3.645571e+00,-1.085994e+01,1.200053e+01,-1.387647e+01,1.086846e+00,-6.556122e+00,-5.491011e+00,-4.355697e+00,-2.940224e+00,-3.937384e+00,-4.182744e+00,-3.427311e+00,-2.672533e+00,-1.570661e+00,3.663355e-01,5.371165e-01,7.669129e-01,1.200341e+00,1.396332e+00,1.590919e+00,1.912332e+00,2.595914e+00,2.657079e+02,4.648154e-01,2.674066e-02,1.918704e+00,1.442391e+00,-1.830459e+00,-1.412089e+00,1.796680e+00,3.396942e-01,-7.016798e+00,-3.852571e+00,1.621688e+00,9.130468e-01,-3.434228e+00,-1.351287e+00,2.431470e+00,1.746570e+00,2.253175e-01,3.913775e-01,3.723121e-01,2.488415e-01,3.449764e-01,6.121836e-01,6.733923e-02,1.267236e-01,1.134620e-01,-1.176229e-02,-1.489145e-03,8.595479e-03,-7.763898e-03,-2.968230e-02,-1.127648e-02,2.157840e-02,-2.090831e-02,-1.108148e+00,2.170080e-01,8.586437e+01,0,0,0,6.818552e+01,4.795641e-03,9.546125e-03,5.571675e-02
312,3.120000,2.036555e-01,-3.072845e+01,-1.484049e+01,4.454008e+00,-1.972601e+01,-1.052534e+01,-5.440150e+00,-9.412066e-02,8.750052e+00,-6.847585e+00,-3.048688e+00,-1.381211e+01,8.464536e+00,-1.298488e+01,3.375576e+00,-7.428103e+00,-4.919057e+00,-3.808275e+00,-2.832912e+00,-3.549293e+00,-3.620828e+00,-3.512911e+00,-2.573914e+00,-1.436208e+00,3.441057e-01,5.410292e-01,8.040360e-01,1.208873e+00,1.423200e+00,1.611175e+00,2.036483e+00,2.627931e+00,2.642046e+02,7.450714e-01,-2.623603e-04,2.943041e+00,3.592880e+00,-4.409326e+00,-2.437823e+00,1.274132e+00,1.233486e+00,-9.445053e+00,-5.735284e+00,1.821576e+00,1.750405e+00,-5.513517e+00,-4.776761e+00,2.738722e+00,-7.211958e-01,-8.058140e-01,7.046663e-01,7.427732e-01,5.829507e-01,7.537612e-01,9.740433e-01,1.440707e-01,1.152844e-01,3.123517e-02,-9.636224e-04,-1.647961e-03,2.159027e-02,-2.944001e-02,-3.752553e-02,-8.764076e-03,8.076060e-03,-3.961895e-02,-1.644519e+00,1.637520e-01,1.708795e+02,0,0,1.304594e-01,6.779851e+01,8.726628e-03,1.583029e-02,6.425963e-02
313,3.130000,1.576129e-01,-2.658982e+01,-8.509391e+00,-2.961842e+00,-2.189292e+01,-9.038375e+00,-2.184446e+00,-1.084018e+01,2.532709e+00,-4.960462e+00,5.707741e-01,-2.341794e+01,-9.217877e-01,-8.689013e+00,-1.183877e+00,-9.962788e+00,-3.750079e+00,-2.748051e+00,-1.836390e+00,-2.336755e+00,-2.107037e+00,-3.203066e+00,-2.514451e+00,-1.535914e+00,3.615094e-01,5.280173e-01,8.061628e-01,1.146075e+00,1.322534e+00,1.541270e+00,1.863536e+00,2.446737e+00,2.620254e+02,8.192332e-01,-8.564196e-03,3.523605e+00,4.482532e+00,-6.181377e+00,-3.415869e+00,7.774051e-01,1.800974e+00,-8.459184e+00,-5.788813e+00,2.168009e+00,1.221238e+00,-6.083061e+00,-5.922271e+00,2.380280e+00,-3.202082e+00,-1.738810e+00,8.058721e-01,9.115783e-01,8.359700e-01,1.061329e+00,1.160149e+00,2.335670e-01,1.111328e-01,-1.450962e-02,1.022278e-02,2.475679e-04,1.939089e-02,-5.386103e-02,-5.488578e-02,-1.143594e-02,1.094329e-02,-3.019061e-02,-1.851428e+00,8.945958e-02,2.554879e+02,2.397820e-02,4.773063e-02,2.133540e-01,4.193543e+01,9.933541e-03,1.705623e-02,3.308354e-02
314,3.140000,1.123034e-01,-2.213365e+01,-2.992606e+00,-1.119661e+01,-2.772099e+01,-9.234169e+00,1.626381e+00,-1.914749e+01,-4.747918e+00,-1.242292e+00,1.108035e+00,-3.044068e+01,-6.169333e+00,-5.927624e+00,-6.903715e+00,-1.252423e+01,-2.869626e+00,-1.585348e+00,-6.527756e-01,-8.171216e-01,-7.107391e-01,-2.996696e+00,-2.295581e+00,-1.552049e+00,3.813685e-01,5.478219e-01,8.553572e-01,1.066107e+00,1.289278e+00,1.601576e+00,2.026573e+00,2.512727e+00,2.600643e+02,8.550091e-01,2.704492e-02,3.085619e+00,3.688636e+00,-5.990962e+00,-2.772393e+00,3.873840e-01,7.572314e-01,-4.402298e+00,-3.448749e+00,2.341048e+00,-3.359212e-01,-3.932383e+00,-4.759933e+00,1.602951e+00,-3.515679e+00,-1.130775e+00,6.186880e-01,7.695489e-01,8.039244e-01,9.540545e-01,9.653597e-01,3.270363e-01,1.001454e-01,-4.366844e-02,1.643161e-02,5.373800e-03,1.705136e-02,-5.113149e-02,-4.279073e-02,2.021074e-03,3.499699e-02,1.670289e-02,-1.717129e+00,2.294768e-02,2.541808e+02,3.164404e-02,5.528615e-02,2.146211e-01,1.644881e+01,3.184405e-03,3.219907e-03,-2.437972e-02
315,3.150000,1.813500e-01,-1.926430e+01,-6.039104e-01,-1.691063e+01,-3.078561e+01,-8.590949e+00,-4.962188e-01,-1.963685e+01,-5.793157e+00,1.808024e+00,3.822571e-01,-3.296096e+01,-1.029389e+01,-5.503695e+00,-9.783917e+00,-1.270211e+01,-2.486366e+00,-9.092694e-01,1.495580e-01,3.177047e-03,1.629591e-01,-2.517584e+00,-2.256035e+00,-1.585289e+00,3.988180e-01,5.349579e-01,8.382067e-01,1.002418e+00,1.188864e+00,1.538539e+00,1.972003e+00,2.502563e+00,2.585209e+02,8.571444e-01,9.734412e-02,1.785267e+00,1.726383e+00,-3.363777e+00,-1.006212e+00,-2.700625e-01,-5.236083e-01,-1.127393e+00,-6.996329e-01,1.030264e+00,-1.714279e+00,-2.725205e-01,-2.229793e+00,-1.470041e-03,-1.694026e+00,6.629038e-02,3.037036e-01,4.235697e-01,4.511889e-01,5.024043e-01,4.282680e-01,2.910373e-01,8.868618e-02,1.796111e-02,1.338951e-02,7.007778e-03,1.108255e-02,-2.906554e-02,-1.096224e-02,3.975952e-03,4.634983e-02,5.844261e-02,-1.406918e+00,-4.156083e-03,2.538909e+02,3.384569e-02,5.763808e-02,1.233369e-01,-4.762817e-01,-5.429441e-03,-1.277905e-02,-4.286524e-02
316,3.160000,3.270116e-01,-1.896311e+01,-3.500503e-01,-1.852641e+01,-2.914162e+01,-8.812129e+00,-2.498106e+00,-1.770728e+01,-4.330759e+00,1.473412e+00,-4.634036e+00,-2.870251e+01,-1.064908e+01,-6.562781e+00,-9.902801e+00,-1.171232e+01,-2.457474e+00,-8.799217e-01,1.937356e-01,5.101340e-02,7.097278e-02,-2.220471e+00,-2.202394e+00,-1.629863e+00,4.076095e-01,5.644279e-01,8.732708e-01,1.025043e+00,1.276082e+00,1.622646e+00,2.157234e+00,2.683533e+00,2.573712e+02,8.408542e-01,1.057444e-01,2.375801e-01,2.072520e-01,5.578327e-02,1.905139e+00,-1.031829e+00,-1.972420e+00,4.051365e-01,1.137751e+00,-5.989549e-01,-1.639015e+00,1.596914e+00,-6.180567e-01,-9.906631e-01,-3.679508e-01,1.242788e+00,1.179617e-01,8.640461e-02,9.450664e-03,-7.606918e-02,-1.150572e-01,1.873555e-01,6.163552e-02,3.871627e-02,1.288810e-03,-3.553748e-04,-2.170688e-03,-3.043485e-03,1.631864e-02,-3.575611e-03,1.067911e-02,4.518054e-02,-1.100952e+00,-7.153542e-02,2.539221e+02,1.098828e-02,1.114581e-02,5.356940e-02,-1.719953e+01,-8.006044e-03,-1.551976e-02,-3.922684e-02
317,3.170000,5.369794e-01,-1.924875e+01,-1.198755e+00,-1.611583e+01,-2.621366e+01,-1.059971e+01,-2.740244e+00,-1.719725e+01,-1.174034e+00,-1.166992e+00,-5.129583e+00,-2.564963e+01,-9.830880e+00,-8.378785e+00,-8.154463e+00,-1.003729e+01,-2.437637e+00,-9.829157e-01,-3.701657e-03,-2.588011e-01,-3.565523e-01,-2.135992e+00,-2.117613e+00,-1.407202e+00,4.153365e-01,5.547532e-01,8.526187e-01,1.021279e+00,1.274321e+00,1.550615e+00,2.029955e+00,2.653548e+00,2.563374e+02,8.055303e-01,7.418638e-02,-1.017756e+00,-7.725347e-01,3.217763e+00,4.248916e+00,-1.337403e+00,-2.380697e+00,7.029480e-01,1.115716e+00,-1.742540e+00,-8.963202e-02,2.004145e+00,1.284461e+00,-1.473290e+00,-4.186600e-01,1.766186e+00,3.165259e-02,-1.560745e-01,-3.917873e-01,-5.251045e-01,-5.086958e-01,1.482558e-02,6.091375e-02,3.271449e-02,-1.618337e-02,-1.164380e-02,-3.995204e-03,1.279218e-02,3.279612e-02,-1.185429e-03,-3.049774e-02,1.649535e-02,-8.266770e-01,-1.528386e-01,2.532358e+02,7.158874e-03,5.905556e-03,7.955370e-02,-4.254510e+01,-6.604957e-03,-1.182378e-02,-2.053618e-02
318,3.180000,4.632109e-01,-2.095352e+01,-1.658924e+00,-1.131509e+01,-2.048127e+01,-1.338894e+01,-7.113710e+00,-1.834160e+01,-1.368725e+00,-2.749559e+00,-4.331118e+00,-2.611178e+01,-9.491122e+00,-9.443394e+00,-9.558196e+00,-7.642696e+00,-2.304182e+00,-1.116502e+00,-5.288925e-01,-1.066478e+00,-1.026270e+00,-2.250714e+00,-2.056614e+00,-1.447511e+00,3.795533e-01,5.361474e-01,8.372977e-01,1.041459e+00,1.328143e+00,1.577660e+00,2.050993e+00,2.663137e+00,2.556513e+02,5.231391e-01,-2.682565e-02,-2.165980e+00,-1.693834e+00,5.285262e+00,5.165686e+00,-8.080875e-01,-1.944761e+00,1.635683e+00,5.102524e-01,-1.984906e+00,1.817667e+00,2.500683e+00,2.745650e+00,-1.556648e+00,-1.088832e+00,1.425721e+00,-1.371261e-01,-3.919966e-01,-7.027874e-01,-8.043846e-01,-7.588283e-01,-1.686883e-01,-5.542469e-03,-2.072939e-02,-3.176272e-02,-2.155196e-02,-1.553873e-02,1.548531e-02,1.935180e-02,-9.206712e-03,-8.436652e-02,-3.729205e-02,-5.337311e-01,-2.235429e-01,1.685107e+02,4.957224e-03,3.553637e-03,4.037850e-02,-6.772089e+01,-2.529901e-03,-2.588191e-03,-1.594411e-02
319,3.190000,4.841823e-01,-2.335787e+01,-3.812147e+00,-4.427475e+00,-1.387121e+01,-1.298956e+01,-1.009190e+01,-1.580495e+01,-1.695595e+00,-4.793190e+00,-2.173617e-01,-2.423561e+01,-4.450565e+00,-1.142984e+01,-1.204952e+01,-5.905989e+00,-2.404749e+00,-1.571352e+00,-1.448064e+00,-2.063600e+00,-1.831899e+00,-2.428334e+00,-2.024357e+00,-1.512892e+00,3.319293e-01,4.908792e-01,8.362172e-01,1.058171e+00,1.326815e+00,1.555105e+00,1.872635e+00,2.595237e+00,2.552475e+02,2.518092e-01,-8.158305e-02,-2.996369e+00,-2.831270e+00,5.187543e+00,4.469734e+00,-1.786223e-01,1.931381e-03,4.446165e+00,9.453461e-01,-1.495517e+00,2.601326e+00,4.447424e+00,4.503269e+00,-1.317700e+00,-1.251817e+00,1.167264e+00,-4.959484e-01,-6.566882e-01,-8.487770e-01,-8.376766e-01,-8.730839e-01,-2.687861e-01,-5.889823e-02,-7.971271e-02,-2.789475e-02,-1.120188e-02,-1.394931e-02,2.502991e-02,1.852702e-02,7.161605e-03,-8.899150e-02,-4.401512e-02,-2.583572e-01,-1.735974e-01,8.387105e+01,3.836426e-03,2.315268e-03,2.725142e-02,-6.749823e+01,-1.927497e-03,-1.536475e-03,-1.994859e-02
320,3.200000,2.192819e-01,-2.773845e+01,-7.512522e+00,2.055729e+00,-9.484422e+00,-1.165764e+01,-8.546082e+00,-1.022501e+01,-1.518717e+00,-6.638020e+00,1.998187e+00,-1.690611e+01,3.890136e-01,-1.282050e+01,-1.339943e+01,-6.649361e+00,-3.159549e+00,-2.545686e+00,-2.598020e+00,-3.068510e+00,-2.985495e+00,-2.917741e+00,-2.276735e+00,-1.680665e+00,2.904995e-01,4.886051e-01,8.037779e-01,1.084024e+00,1.346594e+00,1.574368e+00,1.814061e+00,2.526228e+00,2.552475e+02,0,-8.692691e-02,-3.216462e+00,-3.776667e+00,3.525641e+00,1.941299e+00,-7.334412e-01,2.393658e+00,6.964036e+00,3.238810e+00,-1.421293e+00,2.370958e+00,6.839307e+00,4.999042e+00,-1.098058e+00,4.014017e-01,6.786340e-01,-8.965546e-01,-7.843437e-01,-7.306105e-01,-6.421300e-01,-8.669810e-01,-2.830884e-01,-1.088480e-01,-4.513687e-02,-7.717407e-03,6.328505e-03,-1.881593e-02,2.995493e-02,1.823669e-02,9.511590e-04,-7.542191e-02,-3.235307e-02,-8.076477e-02,-2.913893e-02,0,0,0,0,-4.208924e+01,-1.375087e-03,-9.422541e-04,-1.080084e-02
321,3.210000,2.510287e-01,-3.083813e+01,-1.242830e+01,3.136478e+00,-9.363414e+00,-1.235847e+01,-2.014401e+00,9.752776e-01,3.627692e+00,-6.700346e+00,4.712396e+00,-8.015343e+00,7.745399e+00,-1.327873e+01,-1.249293e+01,-4.697639e+00,-4.489696e+00,-3.551764e+00,-3.213023e+00,-3.446168e+00,-3.742359e+00,-3.146409e+00,-2.302044e+00,-1.689188e+00,3.203897e-01,5.225150e-01,7.996321e-01,1.125146e+00,1.357730e+00,1.588069e+00,1.703463e+00,2.501927e+00,2.552475e+02,1.991129e-01,-7.015511e-02,-2.740895e+00,-3.594300e+00,8.050541e-01,-4.676222e-01,-2.141530e+00,2.696130e+00,6.667643e+00,4.952100e+00,-1.266785e+00,4.141410e-01,6.584334e+00,4.412582e+00,-1.978159e-02,2.200778e+00,2.008379e-01,-1.035217e+00,-6.867896e-01,-4.217232e-01,-3.501249e-01,-6.392821e-01,-1.991423e-01,-1.108152e-01,-2.717773e-02,1.772909e-02,2.105620e-02,-1.034802e-02,3.689591e-02,2.854913e-02,4.925537e-03,-1.159784e-02,1.047185e-02,0,1.118156e-01,0,0,0,0,-1.677421e+01,-7.672852e-04,-4.630535e-04,-5.450283e-03
322,3.220000,1.451531e-01,-3.329570e+01,-1.623418e+01,2.531135e+00,-1.302867e+01,-1.737169e+01,8.158310e-01,8.088463e+00,1.216368e+01,-8.902444e+00,5.058793e+00,-2.538192e-02,9.406102e+00,-1.400924e+01,-7.329482e+00,-4.853701e+00,-5.744482e+00,-4.048014e+00,-3.299466e+00,-3.585844e+00,-4.405944e+00,-3.307118e+00,-2.462011e+00,-1.585048e+00,3.467361e-01,5.519720e-01,7.615107e-01,1.157746e+00,1.403868e+00,1.565934e+00,1.758469e+00,2.548027e+00,2.552475e+02,4.037925e-01,-1.812307e-02,-1.893392e+00,-2.430754e+00,-8.227628e-01,-1.598844e+00,-2.342564e+00,1.545268e+00,4.343949e+00,4.450181e+00,-2.156728e+00,-1.447312e+00,4.062189e+00,2.861645e+00,2.336744e-01,2.745624e+00,-4.537055e-01,-7.857763e-01,-4.605772e-01,-1.453879e-01,-9.558547e-02,-3.625388e-01,-1.075665e-01,-1.212537e-01,-3.926158e-02,2.776109e-02,2.105897e-02,-3.898090e-03,3.149461e-02,2.610838e-02,2.363789e-03,1.812133e-02,1.912184e-02,0,1.621436e-01,0,0,0,0,0,0,0,0
323,3.230000,1.704711e-01,-3.428372e+01,-1.742282e+01,-6.399081e-01,-1.443720e+01,-2.084019e+01,-1.292208e+00,8.376530e+00,1.622371e+01,-9.994903e+00,3.230410e-01,2.457046e-01,1.310380e+01,-1.093437e+01,-4.080604e+00,-5.799629e+00,-6.288368e+00,-4.254136e+00,-3.205958e+00,-3.555557e+00,-4.318085e+00,-3.229357e+00,-2.485795e+00,-1.696590e+00,3.924564e-01,5.644767e-01,8.056107e-01,1.205790e+00,1.440923e+00,1.583950e+00,1.842442e+00,2.636697e+00,2.552475e+02,6.089910e-01,-1.141137e-02,-1.083930e+00,-9.649879e-01,-1.151095e+00,-1.120304e+00,-1.209506e+00,1.718296e-01,1.415695e+00,2.082849e+00,-2.809067e+00,-3.093235e+00,7.389120e-01,1.024546e+00,2.973279e-01,1.060410e+00,-1.374074e+00,-3.435519e-01,-2.693351e-01,-1.627910e-02,3.596599e-02,-1.181673e-01,-4.998453e-02,-1.266767e-01,-7.626095e-02,2.800736e-02,1.468326e-02,3.632760e-03,2.034228e-02,2.110627e-02,5.745030e-03,3.167783e-02,1.570377e-02,0,1.037621e-01,0,0,0,0,0,0,0,0
324,3.240000,1.689453e-01,-3.548262e+01,-1.716904e+01,-1.698920e-01,-1.494175e+01,-1.912960e+01,-1.180839e+00,7.794106e+00,1.443418e+01,-1.577438e+01,-3.043694e+00,-7.256876e-01,1.201804e+01,-1.282430e+01,-3.877478e+00,-8.366893e+00,-6.189094e+00,-4.497387e+00,-3.328492e+00,-3.491743e+00,-4.510326e+00,-3.414099e+00,-2.791128e+00,-1.873272e+00,3.932715e-01,5.729191e-01,7.812981e-01,1.201175e+00,1.435539e+00,1.588247e+00,1.835178e+00,2.554452e+00,2.552475e+02,6.057788e-01,1.796894e-02,-1.398693e-01,-1.513210e-01,-1.014252e+00,-3.733587e-01,8.026994e-01,1.526223e-01,1.102090e+00,-2.076762e-01,-2.993261e+00,-3.540400e+00,-9.193815e-01,1.248560e-01,-4.669887e-01,-4.093708e-01,-6.802040e-01,8.486795e-03,-1.775403e-01,7.098248e-02,1.683857e-01,8.960595e-02,5.181956e-02,-6.259167e-02,-7.016530e-02,2.512941e-02,1.249915e-02,2.365065e-03,7.620466e-03,9.088492e-03,8.375561e-03,5.892945e-03,-4.305840e-05,0,4.850249e-02,0,0,0,0,0,0,0,0
325,3.250000,1.820757e-01,-3.516433e+01,-1.678581e+01,-1.268484e+00,-1.400839e+01,-1.752704e+01,-1.569180e-01,8.200932e+00,1.290669e+01,-1.730972e+01,-6.702538e+00,-3.970629e+00,1.156216e+01,-1.238456e+01,-8.916881e+00,-9.811413e+00,-5.985149e+00,-4.673753e+00,-3.279905e+00,-3.313389e+00,-4.281004e+00,-3.342841e+00,-2.770869e+00,-1.926381e+00,4.371587e-01,5.854577e-01,8.079022e-01,1.205143e+00,1.447426e+00,1.605638e+00,1.823498e+00,2.577233e+00,2.552475e+02,6.169304e-01,2.109954e-02,7.670304e-01,9.506397e-02,-5.513611e-01,-1.776250e-01,1.098938e+00,-4.238864e-01,1.428728e+00,-3.707082e-01,-2.755867e+00,-3.294796e+00,-6.632670e-01,-8.222686e-01,-1.323866e+00,-7.060224e-01,1.101795e+00,1.941658e-01,-3.071275e-02,1.753511e-01,2.051904e-01,2.365098e-01,2.019841e-01,3.238633e-02,3.749752e-02,1.729130e-02,8.081287e-03,-3.458953e-03,6.002235e-03,2.831674e-03,-3.050244e-03,2.887976e-03,8.293557e-03,-6.750183e-02,2.420689e-02,0,0,0,0,1.674650e+01,0,0,0
326,3.260000,2.291955e-01,-3.355475e+01,-1.730929e+01,-2.225836e+00,-1.510986e+01,-1.501476e+01,1.011297e+00,1.368671e+01,1.278381e+01,-2.021134e+01,-9.130418e+00,-2.514122e+00,1.080120e+01,-1.561909e+01,-6.958197e+00,-6.248829e+00,-5.853657e+00,-4.725907e+00,-2.907580e+00,-2.865000e+00,-3.976455e+00,-2.991279e+00,-2.632432e+00,-1.820979e+00,4.500320e-01,6.039773e-01,7.721903e-01,1.196172e+00,1.446059e+00,1.596967e+00,1.797406e+00,2.577543e+00,2.552475e+02,6.423352e-01,1.672407e-02,1.687024e+00,6.857300e-01,-6.903418e-02,7.818028e-01,-9.312572e-02,-3.306170e+00,-2.635020e-01,-3.148893e-01,-1.784883e+00,-2.876208e+00,-5.469955e-01,-1.320936e+00,-1.007102e+00,1.160489e-01,2.579502e+00,4.212992e-01,2.839301e-01,2.704767e-01,1.008351e-01,3.993708e-01,3.818266e-01,1.639851e-01,1.190212e-01,9.829998e-05,-3.615689e-03,4.697323e-04,1.078370e-02,-4.660702e-03,-1.288512e-02,1.149932e-02,1.744533e-02,-2.412552e-01,4.276185e-02,0,0,0,0,4.177874e+01,6.111929e-03,0,3.646883e-02
327,3.270000,2.458437e-01,-3.141250e+01,-1.687737e+01,-2.368742e+00,-1.524126e+01,-1.740292e+01,-4.507708e+00,1.257387e+01,1.519535e+01,-2.155576e+01,-1.310758e+01,-2.176413e+00,9.600877e+00,-1.615631e+01,-6.070357e+00,-1.349686e+00,-5.485258e+00,-4.293439e+00,-2.539658e+00,-2.842977e+00,-3.402472e+00,-2.430847e+00,-2.403211e+00,-1.535249e+00,4.505327e-01,5.893541e-01,7.928699e-01,1.238302e+00,1.449822e+00,1.564338e+00,1.875768e+00,2.666619e+00,2.549100e+02,7.117472e-01,1.035602e-02,2.381372e+00,1.864081e+00,3.696187e-01,2.148072e+00,-1.655087e+00,-6.814920e+00,-3.408111e+00,-6.866204e-01,-1.247350e+00,-6.749398e-01,-7.777116e-02,-2.724156e+00,-9.316651e-01,-7.510328e-03,2.172041e+00,7.168151e-01,7.227179e-01,3.117651e-01,-3.226721e-02,4.969172e-01,5.361808e-01,2.355622e-01,1.430510e-01,-2.725070e-02,-2.564450e-02,1.498432e-02,2.080259e-02,-1.140187e-02,-1.798525e-02,3.845908e-02,6.477237e-03,-5.097916e-01,5.387790e-02,8.373249e+01,0,0,0,6.675060e+01,1.263291e-02,2.075281e-03,7.690100e-02
328,3.280000,2.206816e-01,-2.892341e+01,-1.369461e+01,3.506573e-02,-1.041630e+01,-1.965729e+01,-1.553629e+01,4.290128e+00,1.171540e+01,-2.257578e+01,-1.422221e+01,-4.357773e+00,6.393999e+00,-1.597393e+01,-4.720495e+00,2.997530e-01,-4.332544e+00,-3.267894e+00,-2.346232e+00,-3.222773e+00,-2.952739e+00,-1.960963e+00,-2.155031e+00,-1.473732e+00,3.870761e-01,5.528925e-01,7.911629e-01,1.238514e+00,1.411038e+00,1.544471e+00,1.866540e+00,2.596986e+00,2.542100e+02,7.721797e-01,9.388223e-03,2.927391e+00,3.018120e+00,4.841390e-02,3.605220e+00,-2.173953e+00,-9.272203e+00,-6.132924e+00,-1.297551e+00,-4.679684e-01,2.322324e+00,6.084987e-01,-3.554341e+00,9.771995e-02,-9.120447e-01,-2.909619e-01,9.391182e-01,1.086590e+00,3.146590e-01,-7.165527e-02,6.125590e-01,6.828109e-01,2.685816e-01,1.008118e-01,-4.170830e-02,-3.998071e-02,3.620753e-02,2.505686e-02,-9.148264e-03,-1.254317e-02,5.063774e-02,-6.784868e-03,-7.457794e-01,4.976834e-02,1.670275e+02,3.055965e-02,0,1.823441e-01,6.661227e+01,1.492025e-02,4.650482e-03,9.653668e-02
329,3.290000,2.381128e-01,-2.557314e+01,-9.272749e+00,-5.508416e-01,-5.614811e+00,-2.348122e+01,-2.595772e+01,-4.141330e+00,1.000779e+01,-2.236425e+01,-7.531338e+00,-3.437660e+00,1.449850e-01,-1.686546e+01,-1.007328e+01,-2.225496e+00,-3.161630e+00,-1.789170e+00,-2.001753e+00,-3.295838e+00,-2.308276e+00,-1.177095e+00,-1.831758e+00,-1.384749e+00,3.323832e-01,4.827776e-01,8.733374e-01,1.287985e+00,1.407927e+00,1.541960e+00,1.981226e+00,2.599898e+00,2.532173e+02,8.213977e-01,3.190152e-02,3.083420e+00,2.971960e+00,-9.862517e-01,3.272113e+00,-8.114651e-01,-8.563924e+00,-5.777645e+00,-5.457956e-01,-5.408577e-01,4.297628e+00,2.917372e+00,-3.784352e+00,8.565879e-01,-2.049394e-01,-2.461834e+00,8.632897e-01,1.125569e+00,3.191165e-01,9.754825e-02,6.960858e-01,8.009968e-01,2.042224e-01,9.516767e-02,-3.794502e-02,-4.047573e-02,4.670478e-02,2.624462e-02,-1.915121e-03,-7.334983e-03,5.368208e-02,-1.004393e-02,-8.010742e-01,3.021657e-02,2.502393e+02,4.788472e-02,1.037640e-02,2.933329e-01,4.157429e+01,6.250714e-03,5.812213e-03,4.882799e-02
330,3.300000,2.800021e-01,-2.183748e+01,-6.021000e+00,-2.892717e+00,-1.896989e+00,-2.284538e+01,-3.462471e+01,-8.620304e+00,8.889835e+00,-2.214693e+01,-3.069185e-01,1.158995e+00,-2.242556e+00,-1.477591e+01,-9.516957e+00,-7.265734e+00,-2.319880e+00,-5.450891e-01,-1.603237e+00,-2.996845e+00,-1.460757e+00,-2.041001e-01,-1.575251e+00,-1.392169e+00,3.005653e-01,4.573620e-01,9.129941e-01,1.296615e+00,1.421265e+00,1.545441e+00,1.997866e+00,2.576979e+00,2.523649e+02,8.363516e-01,5.549368e-02,2.585663e+00,1.793819e+00,-1.782678e+00,1.917886e+00,5.130623e-01,-6.595685e+00,-4.068074e+00,6.858198e-01,-1.084466e+00,3.197666e+00,3.903688e+00,-3.003855e+00,1.169387e+00,9.497923e-01,-3.086869e+00,5.735266e-01,8.645203e-01,2.536744e-01,2.174964e-01,6.933001e-01,7.883412e-01,1.124045e-01,1.173529e-01,-1.914035e-02,-2.635435e-02,4.675114e-02,2.685178e-02,7.225382e-03,-4.755199e-03,4.911336e-02,6.738520e-03,-6.470276e-01,3.921050e-03,2.498079e+02,5.065888e-02,1.806421e-02,3.360169e-01,1.683160e+01,-7.881708e-03,2.994593e-03,-3.586078e-02
331,3.310000,3.756911e-01,-1.953837e+01,-5.854378e+00,-5.836109e+00,-3.140356e+00,-1.986620e+01,-3.778312e+01,-9.859141e+00,1.387916e+01,-2.447446e+01,1.422915e+00,9.652061e+00,-5.002607e+00,-1.247239e+01,-4.696823e+00,-9.876113e+00,-2.175142e+00,-2.699747e-02,-1.315573e+00,-2.468199e+00,-6.680335e-01,6.957047e-01,-1.671990e+00,-1.100192e+00,3.040630e-01,4.347407e-01,9.654781e-01,1.340475e+00,1.435133e+00,1.527178e+00,2.078516e+00,2.626402e+00,2.518271e+02,8.307440e-01,7.309234e-02,1.457463e+00,5.545064e-01,-1.165098e+00,1.189658e+00,1.342258e+00,-4.104061e+00,-2.641181e+00,3.038504e-01,-1.873503e+00,1.218898e+00,2.888025e+00,-6.836743e-01,1.106061e+00,1.592231e+00,-1.875844e+00,3.055232e-01,4.774862e-01,6.759660e-02,1.567909e-01,4.691485e-01,5.121328e-01,4.921623e-02,9.790069e-02,-7.693991e-03,-1.762735e-02,2.998522e-02,1.516951e-02,5.525410e-03,-6.099975e-03,1.395159e-02,7.476592e-03,-3.709946e-01,-6.783451e-02,2.502137e+02,2.120395e-02,2.002896e-02,1.673036e-01,-1.632941e+01,-1.385022e-02,-2.375257e-03,-8.098860e-02
332,3.320000,4.293609e-01,-1.901247e+01,-6.434698e+00,-6.235692e+00,-2.064097e+00,-1.889949e+01,-4.260202e+01,-1.319134e+01,1.320882e+01,-2.694300e+01,-2.711013e+00,8.615808e+00,-6.051480e+00,-1.232354e+01,-2.659764e+00,-1.130928e+01,-1.958155e+00,1.736215e-01,-1.420950e+00,-2.549111e+00,-3.063599e-01,1.044343e+00,-1.672893e+00,-1.029246e+00,3.055344e-01,4.451392e-01,9.788483e-01,1.346528e+00,1.433562e+00,1.528086e+00,2.063462e+00,2.617426e+00,2.516699e+02,7.871118e-01,6.933558e-02,-1.781086e-01,1.665423e-01,6.391793e-01,9.740949e-01,9.437496e-01,-7.734287e-01,-1.049181e+00,-1.040768e+00,-1.368636e+00,4.166426e-01,-3.323158e-01,2.246914e+00,4.315752e-01,4.222961e-01,-1.229651e-01,9.558485e-02,8.596696e-02,-1.486619e-01,-6.777737e-02,-1.232086e-02,-3.790892e-02,-2.004731e-02,-2.763834e-02,-7.346651e-03,-1.869609e-02,-6.920636e-03,-1.065983e-02,-6.929171e-03,-1.142083e-02,-3.878143e-02,-5.504527e-02,-1.251633e-01,-1.104021e-01,2.511982e+02,4.491489e-03,1.014669e-02,6.605490e-02,-4.135398e+01,-1.195792e-02,-5.271024e-03,-7.964862e-02
333,3.330000,5.288951e-01,-1.969832e+01,-6.293368e+00,-4.704844e+00,4.170310e-01,-1.874287e+01,-4.248937e+01,-1.506172e+01,9.367552e+00,-2.933373e+01,-2.348029e-01,7.274061e+00,-1.368925e+00,-1.256135e+01,-5.540724e+00,-9.582939e+00,-1.814877e+00,2.389055e-01,-1.754914e+00,-2.735751e+00,-5.397327e-01,7.593472e-01,-1.536856e+00,-1.076707e+00,2.914287e-01,4.007523e-01,9.903365e-01,1.338876e+00,1.429406e+00,1.520137e+00,2.018186e+00,2.617058e+00,2.517098e+02,5.068451e-01,4.129509e-02,-1.903298e+00,2.752284e-01,2.705081e+00,1.758067e-01,5.547150e-01,3.804660e+00,1.006290e+00,-1.451639e+00,1.166070e+00,1.516811e+00,-3.884000e+00,4.044342e+00,7.055265e-01,9.921117e-02,8.835816e-01,-1.504651e-01,-3.313181e-01,-2.894993e-01,-3.107024e-01,-5.931749e-01,-6.979051e-01,-1.560847e-01,-1.905483e-01,-1.411162e-02,-1.385975e-02,-5.339059e-02,-4.453626e-02,-1.164643e-02,-9.042656e-03,-7.782792e-02,-9.298823e-02,6.913757e-03,-1.582106e-01,1.678971e+02,1.717332e-03,2.458882e-03,2.337091e-02,-6.674294e+01,-4.628677e-03,-4.971048e-03,-3.909219e-02
334,3.340000,5.500780e-01,-2.264804e+01,-4.968793e+00,-2.624528e-01,1.194792e+00,-1.868829e+01,-3.613873e+01,-1.126492e+01,5.941799e+00,-2.656048e+01,2.605154e+00,6.864154e-01,7.175175e+00,-1.257356e+01,-6.983526e+00,-8.027146e+00,-2.022088e+00,-2.482058e-01,-2.126877e+00,-3.201957e+00,-1.586512e+00,-4.254659e-01,-1.743054e+00,-1.542104e+00,2.701491e-01,3.808757e-01,8.659618e-01,1.244115e+00,1.389483e+00,1.491857e+00,1.834123e+00,2.306425e+00,2.517978e+02,4.462906e-01,-1.324605e-02,-3.285625e+00,-1.617506e-01,3.491918e+00,-2.399763e+00,-2.129414e-01,8.316780e+00,3.558250e+00,1.378665e+00,4.237625e+00,2.086964e+00,-4.100746e+00,4.035582e+00,1.544954e+00,2.265630e+00,1.081196e+00,-5.733784e-01,-7.335371e-01,-2.747698e-01,-3.964258e-01,-1.020011e+00,-1.142013e+00,-3.513799e-01,-2.461762e-01,-1.376620e-02,-2.102545e-03,-9.245504e-02,-6.932769e-02,-1.732903e-02,-7.804549e-03,-8.819272e-02,-1.454827e-01,3.436432e-02,-1.450763e-01,8.419634e+01,6.126173e-04,4.941275e-04,9.740136e-03,-6.702936e+01,-1.070031e-03,-2.275225e-03,-1.554807e-02
335,3.350000,5.218080e-01,-2.723707e+01,-5.211188e+00,4.702676e+00,-3.890767e+00,-1.719822e+01,-2.199147e+01,-5.790899e+00,1.025447e+01,-1.883538e+01,6.348887e+00,-5.803242e+00,8.605777e+00,-8.819743e+00,-2.038886e+00,-7.099274e+00,-2.895501e+00,-1.472674e+00,-2.410107e+00,-3.695289e+00,-2.993832e+00,-2.058917e+00,-2.417333e+00,-1.796505e+00,2.511975e-01,3.975737e-01,7.549684e-01,1.169000e+00,1.398940e+00,1.500080e+00,1.804045e+00,2.316962e+00,2.517978e+02,2.101017e-01,-7.863079e-02,-3.824480e+00,-1.231216e+00,2.725034e+00,-4.751233e+00,-9.151627e-01,9.779476e+00,4.529024e+00,4.319864e+00,6.059689e+00,8.917858e-01,-3.192719e+00,1.837954e+00,1.751765e+00,5.070393e+00,4.251505e-01,-9.384794e-01,-9.950863e-01,-2.025278e-01,-3.919974e-01,-1.091483e+00,-1.184408e+00,-4.488498e-01,-1.954944e-01,-2.919108e-04,2.210091e-02,-8.863278e-02,-5.981570e-02,-1.078849e-02,6.065237e-03,-6.149096e-02,-9.495835e-02,1.758728e-02,-8.047269e-02,0,0,0,0,-4.199905e+01,-4.047281e-04,-5.411891e-04,-5.648197e-03
336,3.360000,3.666742e-01,-3.167123e+01,-7.784541e+00,6.520137e+00,-1.190901e+01,-2.073652e+01,-1.126707e+01,-3.549973e-02,1.965868e+01,-1.100405e+01,4.431965e+00,-5.349272e+00,9.139079e+00,-6.469571e+00,6.917468e+00,-7.145136e+00,-4.284735e+00,-2.638274e+00,-2.467203e+00,-4.051471e+00,-4.179367e+00,-3.256590e+00,-2.989554e+00,-1.900228e+00,2.568190e-01,4.362158e-01,6.342571e-01,1.084828e+00,1.362150e+00,1.499092e+00,1.729569e+00,2.040061e+00,2.517978e+02,2.101017e-01,-1.119536e-01,-3.307730e+00,-1.905197e+00,1.044835e+00,-4.949235e+00,-1.755552e+00,7.551984e+00,4.779069e+00,5.120323e+00,5.034166e+00,-4.845439e-01,-5.527907e-01,-3.043875e-01,2.826626e-01,4.815135e+00,-1.265345e-01,-9.979596e-01,-8.701506e-01,-1.224169e-01,-2.683644e-01,-8.596538e-01,-8.271009e-01,-3.611024e-01,-1.377053e-01,1.854988e-02,3.044865e-02,-4.802681e-02,-2.805920e-02,1.617217e-03,1.469281e-02,-1.518691e-02,-8.851481e-03,0,2.691415e-03,0,0,0,0,-1.683927e+01,-1.225235e-04,-9.882551e-05,-1.948027e-03
337,3.370000,2.274431e-01,-3.430913e+01,-1.104158e+01,5.529034e+00,-1.678724e+01,-2.229457e+01,-6.027813e+00,1.968688e+00,2.410843e+01,-6.813505e+00,3.310721e+00,-5.671689e+00,6.838892e+00,-6.854517e+00,1.286074e+01,-7.898192e+00,-5.375950e+00,-3.541492e+00,-2.597389e+00,-4.270981e+00,-4.700720e+00,-3.747129e+00,-3.157855e+00,-1.875117e+00,2.966342e-01,4.835868e-01,6.630249e-01,1.119441e+00,1.389130e+00,1.546846e+00,1.763008e+00,2.275448e+00,2.517978e+02,2.225761e-01,-1.083819e-01,-2.205020e+00,-1.474265e+00,-7.034425e-02,-2.628148e+00,-1.255806e+00,3.725669e+00,4.263345e+00,2.529530e+00,2.245429e+00,-1.294152e+00,1.495355e-01,-1.453812e+00,-1.557940e+00,2.377517e+00,-9.227144e-01,-6.801225e-01,-5.715529e-01,-1.169054e-01,-1.593399e-01,-5.243129e-01,-3.763643e-01,-1.931848e-01,-1.572011e-01,2.682218e-02,2.517340e-02,-5.117017e-03,5.876660e-03,1.475806e-02,2.006925e-02,2.790618e-03,4.197180e-02,0,1.202023e-01,0,0,0,0,0,0,0,0
338,3.380000,1.374924e-01,-3.565066e+01,-1.157958e+01,4.548542e+00,-1.710315e+01,-2.491788e+01,-6.360637e+00,8.750633e+00,2.461643e+01,-7.400584e+00,1.701517e+00,-2.143315e+00,6.536680e+00,-1.214286e+01,9.642333e+00,-8.260360e+00,-5.771661e+00,-3.564549e+00,-2.645320e+00,-4.255932e+00,-5.031337e+00,-3.716864e+00,-3.178305e+00,-2.191324e+00,3.401802e-01,4.901124e-01,6.717995e-01,1.128599e+00,1.402474e+00,1.541938e+00,1.778707e+00,2.282925e+00,2.517978e+02,4.535105e-01,-7.104607e-02,-1.089970e+00,-3.078553e-01,-5.460972e-01,-8.549600e-01,2.443880e-01,1.371703e+00,4.076641e+00,-6.765445e-01,5.791458e-01,-6.435398e-01,-8.889076e-01,-2.282182e+00,-3.097000e+00,-1.260381e+00,-1.436281e+00,-2.334776e-01,-2.361383e-01,-6.810937e-02,-1.615777e-02,-2.426479e-01,-1.093732e-01,-9.159412e-02,-2.149726e-01,2.298921e-02,1.385465e-02,1.999168e-02,1.873660e-02,2.511415e-02,2.289652e-02,4.053659e-02,1.034084e-01,0,1.443282e-01,0,0,0,0,0,0,0,0
339,3.390000,9.448946e-02,-3.627245e+01,-1.068499e+01,5.336752e+00,-1.443444e+01,-2.138657e+01,-5.816342e+00,1.113276e+01,2.042325e+01,-9.409965e+00,1.243353e+00,-6.658543e+00,2.637914e+00,-1.377280e+01,8.486268e+00,-1.115523e+01,-5.552650e+00,-3.867301e+00,-2.905576e+00,-4.389758e+00,-5.189412e+00,-3.710601e+00,-3.288881e+00,-2.436962e+00,3.436278e-01,4.964924e-01,7.106121e-01,1.176498e+00,1.452568e+00,1.579003e+00,1.793429e+00,2.405389e+00,2.517978e+02,6.894088e-01,-2.804451e-02,-3.915211e-01,3.425068e-01,-4.556522e-01,-3.329212e-01,9.666823e-01,1.757422e-02,2.977718e+00,-1.754087e+00,5.467381e-01,5.566249e-01,-1.848696e+00,-2.358720e+00,-2.342670e+00,-2.676532e+00,-2.017304e+00,2.059603e-02,-1.726730e-02,-7.963752e-03,2.146430e-02,-7.638721e-02,-1.459818e-02,-6.665058e-02,-1.991026e-01,9.511101e-03,6.782025e-04,1.213149e-02,8.396184e-03,2.222438e-02,2.036761e-02,3.412714e-02,5.955412e-02,6.301270e-02,1.234416e-01,0,0,0,0,1.703856e+01,0,0,0
340,3.400000,7.792065e-02,-3.613942e+01,-9.502109e+00,3.885792e+00,-1.736021e+01,-1.996858e+01,-4.514294e+00,1.576567e+01,1.811855e+01,-6.810092e+00,2.247950e+00,-9.300383e+00,-1.713410e-01,-1.849543e+01,2.802798e+00,-1.269802e+01,-5.363773e+00,-3.656061e+00,-2.653657e+00,-4.072871e+00,-5.148261e+00,-3.821720e+00,-3.382012e+00,-2.694168e+00,3.482683e-01,4.990362e-01,7.104219e-01,1.149982e+00,1.456001e+00,1.597496e+00,1.917041e+00,2.492132e+00,2.517978e+02,6.983264e-01,-2.066553e-04,4.156757e-01,2.128093e-01,-4.466376e-01,-3.546968e-01,3.991371e-01,-1.223050e+00,6.596362e-01,-1.242761e+00,5.239843e-01,1.197449e+00,-2.557819e+00,-2.426071e+00,-9.727796e-01,-3.043779e+00,-1.293161e+00,1.552340e-01,1.379795e-01,9.876056e-02,3.931403e-02,1.403043e-01,1.004515e-01,2.045767e-02,-2.681925e-02,5.300701e-03,-4.620561e-03,1.681515e-02,1.155703e-02,1.813472e-02,2.000601e-02,4.560690e-02,8.029947e-02,1.827911e-01,6.198126e-02,0,0,0,0,4.250842e+01,1.697973e-03,0,1.669090e-02
341,3.410000,1.170064e-01,-3.602236e+01,-1.036778e+01,3.582148e+00,-1.832331e+01,-1.993581e+01,-6.863113e+00,1.334976e+01,1.858694e+01,-4.375060e+00,5.820629e+00,-1.133663e+01,-1.600696e+00,-1.539158e+01,2.897850e+00,-1.576588e+01,-5.476914e+00,-3.582072e+00,-2.633040e+00,-4.255190e+00,-5.024194e+00,-3.767692e+00,-3.389255e+00,-2.619208e+00,3.401457e-01,4.825159e-01,7.043712e-01,1.150730e+00,1.473488e+00,1.620905e+00,1.864477e+00,2.468615e+00,2.521128e+02,7.173761e-01,1.612074e-02,1.635474e+00,1.505791e-01,-3.032397e-01,1.419549e+00,-1.673657e+00,-4.038522e+00,-1.969149e+00,-1.362350e-01,-1.843918e+00,9.135290e-01,4.683704e-01,-1.024999e+00,6.198826e-01,-3.335773e+00,5.520914e-01,3.457805e-01,4.572696e-01,1.919734e-01,6.875744e-02,4.353748e-01,4.451886e-01,2.231340e-01,2.148697e-01,4.182756e-04,-1.427246e-02,1.739973e-02,2.433046e-02,9.685338e-03,3.706026e-03,2.094917e-02,3.454065e-02,3.047348e-01,2.682925e-02,8.519282e+01,0,0,0,6.781663e+01,9.026175e-03,4.592189e-03,5.283577e-02
342,3.420000,1.252006e-01,-3.369733e+01,-1.067414e+01,3.192656e+00,-1.693220e+01,-2.364757e+01,-1.195250e+01,1.094032e+01,1.932078e+01,-7.298115e+00,5.400126e+00,-1.259336e+01,-3.474369e+00,-1.619736e+01,-2.782351e+00,-1.242084e+01,-5.033360e+00,-3.017267e+00,-2.287785e+00,-4.126646e+00,-4.412425e+00,-3.186061e+00,-3.025830e+00,-2.234298e+00,3.684247e-01,4.739978e-01,7.589957e-01,1.199268e+00,1.482688e+00,1.621017e+00,1.971218e+00,2.652809e+00,2.525542e+02,7.494332e-01,2.611247e-02,3.129516e+00,6.901472e-01,-2.945817e-01,4.557271e+00,-2.893306e+00,-6.733068e+00,-4.926091e+00,-7.082138e-01,-4.841603e+00,-1.830177e-01,4.237397e+00,9.422681e-01,1.697239e+00,-2.682588e+00,2.264280e+00,6.756728e-01,8.003684e-01,2.517240e-01,1.461762e-01,7.666909e-01,8.625701e-01,4.738516e-01,4.079960e-01,-5.822450e-03,-2.267018e-02,3.073424e-02,4.697087e-02,4.261374e-04,-1.574787e-02,3.504515e-03,6.943583e-03,2.902725e-01,3.464681e-02,1.699457e+02,8.489865e-03,0,8.345451e-02,6.739297e+01,1.318443e-02,9.927326e-03,7.242437e-02
343,3.430000,1.514532e-01,-2.931613e+01,-9.346080e+00,4.167121e+00,-7.550696e+00,-2.791536e+01,-2.228985e+01,3.699691e+00,1.914095e+01,-1.838554e+01,4.234910e+00,-2.670200e+00,-8.355672e-01,-1.182242e+01,-5.400026e+00,-8.533367e+00,-3.988955e+00,-1.900351e+00,-2.128644e+00,-4.019083e+00,-3.380456e+00,-1.802487e+00,-2.351302e+00,-1.592549e+00,3.356409e-01,4.376493e-01,7.733238e-01,1.273508e+00,1.487652e+00,1.585773e+00,1.871087e+00,2.497754e+00,2.529432e+02,7.980017e-01,3.092427e-02,4.042456e+00,1.625714e+00,-7.869415e-01,5.928816e+00,-2.534423e+00,-7.964516e+00,-5.886141e+00,-2.410203e+00,-5.175966e+00,-2.292463e-01,7.795096e+00,2.488602e+00,1.984895e+00,-1.880221e+00,1.760183e+00,9.200768e-01,1.127099e+00,3.263008e-01,2.966447e-01,9.303042e-01,1.061303e+00,5.793966e-01,3.860007e-01,-1.534146e-02,-3.074981e-02,3.893230e-02,5.187613e-02,-8.362377e-03,-2.496738e-02,2.125411e-02,-2.959132e-03,8.470611e-02,3.399401e-02,2.541103e+02,4.088594e-02,2.296095e-02,2.224516e-01,4.143431e+01,1.158010e-02,1.146391e-02,5.089703e-02
344,3.440000,1.912596e-01,-2.384496e+01,-6.562222e+00,2.120397e+00,3.983958e-02,-3.044534e+01,-3.046626e+01,-4.039751e+00,1.430047e+01,-2.401287e+01,2.125721e+00,7.553383e+00,4.157435e+00,-1.179381e+01,-6.461204e+00,-4.992877e+00,-2.729388e+00,-4.950798e-01,-1.647234e+00,-3.460044e+00,-2.136676e+00,-4.914715e-01,-1.531730e+00,-1.167518e+00,3.214084e-01,4.081186e-01,8.296167e-01,1.323448e+00,1.451050e+00,1.536323e+00,1.931259e+00,2.512281e+00,2.528339e+02,8.312476e-01,5.765178e-02,3.701571e+00,1.772093e+00,-1.526324e+00,4.694106e+00,-1.195641e+00,-6.593579e+00,-5.542676e+00,-4.437687e+00,-2.611316e+00,1.491811e+00,8.500004e+00,2.499784e+00,1.909184e+00,2.654582e-01,-8.268436e-01,8.243675e-01,1.118310e+00,3.070105e-01,3.716754e-01,7.749174e-01,8.973708e-01,5.090830e-01,2.222390e-01,-2.008724e-02,-3.310758e-02,4.203011e-02,3.837714e-02,-5.718839e-03,-1.602441e-02,3.844112e-02,5.628872e-03,-2.041367e-01,2.467191e-02,2.525061e+02,4.547916e-02,3.815616e-02,2.508961e-01,1.571585e+01,-1.164034e-04,4.949252e-03,-1.073331e-02
345,3.450000,2.385982e-01,-2.073627e+01,-4.295169e+00,1.835702e-01,2.834750e+00,-2.920904e+01,-3.742881e+01,-8.590917e+00,9.046075e+00,-2.189751e+01,6.311600e+00,1.756547e+01,7.026412e+00,-7.668880e+00,-4.663829e+00,-1.067895e+01,-2.028515e+00,7.923281e-01,-1.321811e+00,-3.105267e+00,-1.510548e+00,1.915276e-01,-1.239322e+00,-1.222594e+00,2.869466e-01,3.617065e-01,8.637221e-01,1.348021e+00,1.447495e+00,1.538415e+00,1.990727e+00,2.524083e+00,2.523965e+02,8.464389e-01,9.630867e-02,2.563516e+00,1.156249e+00,-2.081799e+00,2.007879e+00,-1.019989e-01,-3.435822e+00,-3.523750e+00,-5.742196e+00,2.064175e-01,2.711654e+00,5.176160e+00,8.314287e-01,1.386184e+00,1.012846e+00,-3.177103e+00,5.416600e-01,8.034713e-01,2.270460e-01,3.875687e-01,4.401429e-01,5.156978e-01,3.692352e-01,5.580490e-02,-1.251235e-02,-2.647921e-02,3.846741e-02,1.707585e-02,1.629889e-03,1.124644e-03,3.722890e-02,3.142815e-02,-4.510055e-01,1.194947e-02,2.510842e+02,3.940584e-02,3.824147e-02,1.707644e-01,-1.191594e+00,-1.046169e-02,-5.760870e-03,-5.845415e-02
346,3.460000,3.698870e-01,-1.947941e+01,-4.339133e+00,-2.447189e+00,1.345608e+00,-2.897894e+01,-3.735092e+01,-1.062776e+01,2.179786e+00,-1.859871e+01,1.182083e+01,1.978882e+01,5.093563e+00,-8.728217e+00,-1.823158e+00,-1.548227e+01,-1.891742e+00,1.227946e+00,-1.156149e+00,-2.725177e+00,-1.472792e+00,3.037854e-01,-1.036405e+00,-1.308080e+00,2.923357e-01,3.464313e-01,9.239471e-01,1.353897e+00,1.474172e+00,1.564574e+00,2.103603e+00,2.667789e+00,2.518069e+02,8.485742e-01,1.032851e-01,1.361134e+00,3.399045e-01,-1.850855e+00,6.695257e-01,2.554132e-01,-3.864788e-01,-1.453285e+00,-5.013087e+00,6.838512e-01,2.805403e+00,1.468756e+00,-7.683731e-01,1.444940e+00,9.230161e-01,-3.831270e+00,2.560220e-01,3.735250e-01,6.613275e-02,3.001364e-01,1.172781e-01,2.303983e-01,2.589180e-01,3.380501e-03,-6.913102e-03,-1.442990e-02,2.254999e-02,-3.642130e-03,1.389904e-02,1.036224e-02,-1.113601e-02,1.309073e-02,-5.698578e-01,3.191280e-03,2.500380e+02,8.647901e-03,1.710600e-02,5.563160e-02,-9.264343e-01,-1.130131e-02,-9.785454e-03,-5.153493e-02
347,3.470000,5.436829e-01,-1.868132e+01,-4.676380e+00,-3.958079e+00,1.835814e+00,-2.915855e+01,-3.602663e+01,-1.062505e+01,-3.509681e+00,-2.006053e+01,1.294563e+01,1.709288e+01,2.853513e+00,-6.424297e+00,-2.654819e+00,-1.917419e+01,-1.699478e+00,1.255493e+00,-1.238957e+00,-2.448673e+00,-1.511683e+00,3.783735e-01,-7.527884e-01,-1.243243e+00,2.876155e-01,3.360969e-01,9.184957e-01,1.343663e+00,1.484240e+00,1.577271e+00,1.971059e+00,2.577141e+00,2.512017e+02,8.490858e-01,9.976928e-02,6.427458e-01,-3.278770e-02,-1.501225e+00,6.959690e-01,2.031212e-01,1.198771e+00,-3.294238e-01,-3.163657e+00,-4.263716e-01,1.383323e+00,-1.404417e+00,-1.254877e+00,1.554056e+00,1.297896e-01,-2.391398e+00,1.183968e-01,4.446875e-02,-5.156817e-02,1.977361e-01,-2.257189e-02,1.231797e-01,2.098070e-01,2.007136e-02,-9.764790e-04,-3.015214e-03,1.200033e-02,-1.581886e-02,1.584614e-02,4.991031e-03,-5.428444e-02,-9.214044e-03,-6.119537e-01,-5.342424e-04,2.493864e+02,6.993122e-03,4.681672e-03,2.781311e-02,-7.382370e-01,-6.976139e-03,-7.678581e-03,-2.444965e-02
348,3.480000,5.551426e-01,-1.806676e+01,-4.672094e+00,-5.063053e+00,3.886936e+00,-2.919351e+01,-3.309975e+01,-1.028911e+01,-4.487082e+00,-2.151210e+01,1.283572e+01,1.513346e+01,2.402019e+00,-5.191403e+00,-2.850629e+00,-1.990161e+01,-1.613797e+00,1.140963e+00,-1.357998e+00,-2.287659e+00,-1.549717e+00,5.670970e-01,-4.804064e-01,-1.140291e+00,2.865084e-01,3.487739e-01,9.149799e-01,1.307416e+00,1.502173e+00,1.568706e+00,1.885413e+00,2.551206e+00,2.505820e+02,8.458806e-01,2.843820e-02,2.032629e-01,-2.066145e-02,-6.223669e-01,1.283103e+00,3.122263e-01,8.997108e-01,1.235905e-01,-1.256223e+00,-1.123399e+00,7.642639e-01,-1.955430e+00,-7.633524e-01,1.759415e+00,-2.931259e-01,-1.051870e+00,8.260550e-02,-5.666872e-02,-1.212943e-01,4.677739e-02,-7.712217e-02,1.048822e-01,1.422937e-01,1.740068e-02,-2.220464e-03,6.903320e-04,-5.969465e-04,-2.140194e-02,1.094104e-02,-1.380813e-03,-7.349513e-02,-3.889852e-02,-6.184464e-01,-2.317154e-03,2.487229e+02,5.178992e-03,6.008787e-03,6.469709e-02,-6.379120e-01,-8.786087e-04,-2.446351e-03,-2.688272e-04
349,3.490000,6.448168e-01,-1.822886e+01,-4.292627e+00,-6.014622e+00,5.043931e+00,-2.808615e+01,-3.356054e+01,-1.040736e+01,-3.438774e+00,-2.257268e+01,1.272077e+01,1.287106e+01,2.097796e+00,-1.667006e+00,-3.501146e+00,-2.042627e+01,-1.575504e+00,1.058163e+00,-1.478727e+00,-2.335346e+00,-1.584944e+00,6.757705e-01,-4.682861e-01,-1.206132e+00,2.849778e-01,3.454591e-01,9.282074e-01,1.292167e+00,1.512725e+00,1.561304e+00,1.828400e+00,2.536304e+00,2.499492e+02,8.451145e-01,-1.034403e-02,-2.030203e-01,-1.404672e-01,1.250753e-01,1.383785e+00,-1.469133e-01,1.781887e-01,1.210163e-01,-6.297999e-01,-1.052214e+00,1.186767e+00,-2.056162e+00,-7.509129e-02,1.122829e+00,2.321610e-01,-5.085675e-01,4.559325e-02,-5.879655e-02,-1.481988e-01,-9.048011e-02,-1.354602e-01,5.706774e-02,8.341314e-02,-1.598201e-02,-1.400831e-03,-5.288780e-04,-2.253663e-03,-1.566986e-02,8.543408e-03,-2.397633e-03,-4.004288e-02,-1.943169e-02,-5.891907e-01,-3.340161e-03,2.480506e+02,6.259599e-03,5.397166e-03,4.398340e-02,-5.014359e-01,-2.377999e-04,-3.105115e-04,-5.928895e-03
350,3.500000,4.615110e-01,-1.868932e+01,-4.634317e+00,-4.530752e+00,6.157063e+00,-2.795401e+01,-3.408541e+01,-1.011866e+01,-4.136784e+00,-2.295963e+01,1.575458e+01,1.212258e+01,1.654659e+00,-2.309786e+00,-2.865624e+00,-2.011558e+01,-1.540701e+00,1.043267e+00,-1.642735e+00,-2.547954e+00,-1.821772e+00,6.794977e-01,-4.671876e-01,-1.239632e+00,2.825523e-01,3.452019e-01,9.161065e-01,1.272635e+00,1.514635e+00,1.565653e+00,1.807457e+00,2.493714e+00,2.493409e+02,8.389741e-01,-5.050176e-02,-5.013227e-01,-4.990559e-01,8.468829e-01,1.322052e+00,-1.494040e+00,-5.779206e-01,7.276821e-02,-1.829484e+00,-1.034432e+00,1.575928e+00,-2.806748e+00,4.912844e-02,1.391755e-01,6.738929e-02,-3.163595e-01,3.705201e-02,-4.138672e-02,-1.644256e-01,-1.989119e-01,-2.089194e-01,-1.761310e-02,9.959970e-02,-2.477913e-02,-1.014373e-03,-3.447059e-03,-1.834363e-03,1.784611e-03,6.130099e-03,5.929851e-03,8.287621e-03,-4.777598e-03,-4.942307e-01,-4.922420e-03,2.475164e+02,4.621619e-03,4.516494e-03,4.620231e-02,-2.093475e-01,3.205510e-05,-6.674269e-04,-1.545898e-02
351,3.510000,5.387785e-01,-1.938514e+01,-5.397604e+00,-3.598853e+00,7.619676e+00,-3.051287e+01,-3.464286e+01,-1.010520e+01,-6.833830e+00,-2.459783e+01,1.742003e+01,8.317512e+00,2.851736e+00,-2.250960e+00,-1.486516e+00,-2.161004e+01,-1.508060e+00,1.010358e+00,-1.837582e+00,-2.770926e+00,-2.052957e+00,6.075119e-01,-3.423320e-01,-1.273483e+00,2.825894e-01,3.352385e-01,9.066641e-01,1.282704e+00,1.520726e+00,1.566809e+00,1.809823e+00,2.508728e+00,2.488763e+02,8.358383e-01,-4.950238e-02,-6.823114e-01,-8.389160e-01,1.479072e+00,1.161512e+00,-2.914527e+00,-8.632240e-01,4.140505e-01,-2.955071e+00,-1.189428e+00,1.131726e+00,-3.875806e+00,-1.409313e-01,-9.377943e-01,-1.091108e-01,-1.021315e+00,2.704119e-02,-6.045963e-02,-1.669106e-01,-2.620875e-01,-2.587627e-01,-7.207021e-02,1.455309e-01,-1.648058e-02,-9.957135e-04,-4.748860e-03,1.493281e-03,2.031097e-02,6.716907e-03,1.222864e-02,5.336832e-02,3.038378e-02,-3.349258e-01,-6.228936e-03,2.474824e+02,6.082809e-03,3.875261e-03,7.416022e-03,1.429825e-01,-2.352046e-05,-7.214687e-04,-5.731904e-03
352,3.520000,3.556530e-01,-1.999523e+01,-6.614885e+00,-2.036523e+00,9.209322e+00,-3.545035e+01,-3.544819e+01,-1.007635e+01,-1.193697e+01,-2.567168e+01,1.836573e+01,3.376497e+00,2.270692e+00,-4.203548e+00,-3.520997e+00,-2.089152e+01,-1.462259e+00,9.579317e-01,-2.000698e+00,-3.064429e+00,-2.360308e+00,5.131608e-01,-4.538491e-02,-1.230511e+00,2.826308e-01,3.366489e-01,9.165797e-01,1.321071e+00,1.528823e+00,1.595603e+00,1.936140e+00,2.541106e+00,2.486473e+02,8.259066e-01,-7.499328e-03,-6.967878e-01,-8.671771e-01,1.691997e+00,8.752525e-01,-3.117640e+00,-3.953148e-01,9.349883e-01,-3.114685e+00,-1.591325e+00,-2.790421e-01,-3.646670e+00,-2.834960e-01,-1.247533e+00,-1.518313e+00,-1.885717e+00,2.416372e-04,-1.269431e-01,-1.451513e-01,-2.029294e-01,-2.522560e-01,-9.760588e-02,1.516804e-01,5.326188e-03,-1.118228e-03,-1.664475e-03,2.695262e-04,2.737666e-02,4.411960e-03,1.431750e-02,7.494245e-02,4.876702e-02,-1.476502e-01,-7.630753e-03,2.479602e+02,5.427663e-03,3.432604e-03,5.685893e-03,4.141708e-01,-1.173788e-04,-4.536523e-04,9.045696e-04
353,3.530000,4.502340e-01,-2.098746e+01,-7.496923e+00,1.336255e-01,9.325364e+00,-3.891061e+01,-3.719527e+01,-8.358264e+00,-1.431403e+01,-2.716379e+01,1.707382e+01,-2.134927e+00,1.085124e+00,-5.409096e+00,-3.719013e+00,-2.514488e+01,-1.479519e+00,7.985328e-01,-2.134299e+00,-3.387546e+00,-2.609490e+00,3.985879e-01,4.846720e-02,-1.293095e+00,2.799600e-01,3.259913e-01,9.354372e-01,1.369504e+00,1.539216e+00,1.607472e+00,2.030900e+00,2.664527e+00,2.486214e+02,8.205035e-01,5.161596e-03,-6.755792e-01,-6.836163e-01,1.823359e+00,5.866200e-01,-1.782288e+00,1.253829e+00,2.331618e+00,-2.428382e+00,-1.533332e+00,-1.602178e+00,-2.227736e+00,-6.567151e-01,-9.801706e-01,-1.799044e+00,-2.338495e+00,-5.343866e-02,-2.556511e-01,-1.331376e-01,-1.050222e-01,-2.494103e-01,-1.028053e-01,9.235393e-02,7.105649e-03,-2.105048e-03,7.773444e-03,-1.072252e-02,1.821777e-02,1.614475e-03,1.311207e-02,6.299567e-02,4.152245e-02,9.817505e-03,-1.016694e-02,2.485436e+02,5.738975e-03,2.331767e-03,3.558209e-02,4.822159e-01,-3.739503e-04,-7.544411e-05,1.640560e-02
354,3.540000,4.682867e-01,-2.137210e+01,-7.920543e+00,2.062994e+00,9.680481e+00,-3.934334e+01,-3.478577e+01,-6.317181e+00,-1.597011e+01,-2.963328e+01,1.453248e+01,-8.845533e-01,1.120486e+00,-6.968382e+00,-9.340943e+00,-2.777674e+01,-1.553763e+00,5.144639e-01,-2.220134e+00,-3.254291e+00,-2.804786e+00,2.959303e-01,9.581474e-02,-1.203195e+00,2.782758e-01,3.415031e-01,9.030676e-01,1.366118e+00,1.527449e+00,1.616909e+00,2.071631e+00,2.659650e+00,2.487302e+02,8.084877e-01,1.524768e-02,-5.867161e-01,-4.141203e-01,1.260348e+00,-4.709339e-02,1.336750e-01,3.650676e+00,3.741894e+00,-1.083732e+00,-1.273331e+00,-3.087685e+00,-1.147285e+00,-1.026516e+00,-5.527670e-01,-1.420532e+00,-1.511002e+00,-1.082805e-01,-4.290649e-01,-8.167171e-02,4.174824e-02,-2.327170e-01,-1.213959e-01,-6.810550e-04,9.541035e-04,-2.265412e-03,1.944654e-02,-3.239520e-02,-9.202242e-03,-5.411172e-03,3.141916e-03,7.043481e-03,-1.055431e-02,9.378509e-02,-1.452166e-02,2.490566e+02,4.206642e-03,3.019979e-03,3.664213e-02,3.456680e-01,3.703507e-05,1.179646e-04,1.321062e-02
355,3.550000,5.082696e-01,-2.207460e+01,-8.162857e+00,3.468186e+00,1.031720e+01,-3.747781e+01,-2.870492e+01,-3.266913e-01,-1.695917e+01,-3.028370e+01,1.132577e+01,-6.906405e-01,1.432636e-01,-5.769396e+00,-7.571762e+00,-2.985990e+01,-1.729501e+00,-4.616380e-02,-2.393552e+00,-3.201106e+00,-3.077770e+00,2.021009e-01,4.883777e-02,-1.251613e+00,2.742417e-01,3.716786e-01,8.598076e-01,1.351269e+00,1.529485e+00,1.621716e+00,2.057055e+00,2.657068e+00,2.488840e+02,7.937130e-01,-4.209808e-02,-5.932302e-01,-1.020458e-01,6.126038e-01,-8.955948e-01,1.079550e+00,5.638804e+00,4.918715e+00,2.595150e-01,-1.048069e+00,-3.949441e+00,-1.813222e+00,-1.752527e+00,-7.947125e-01,-1.118409e+00,1.097412e+00,-1.223045e-01,-5.861389e-01,-2.061772e-03,1.338601e-01,-2.621238e-01,-1.777468e-01,-8.729357e-02,-2.584429e-02,-2.955294e-03,3.131233e-02,-5.077289e-02,-3.973336e-02,-9.195244e-03,-4.333258e-03,-3.976494e-02,-5.561614e-02,-3.059021e-01,-1.919970e-02,2.493453e+02,4.823568e-03,3.704353e-03,7.396588e-02,-1.504973e+00,1.011710e-03,2.415396e-04,5.003960e-03
356,3.560000,4.028735e-01,-2.238524e+01,-8.352519e+00,2.597938e+00,8.477939e+00,-3.549837e+01,-2.143999e+01,4.617335e+00,-1.603306e+01,-3.047838e+01,5.801332e+00,-3.082071e+00,-2.390956e+00,-6.787233e+00,-8.697282e+00,-2.608901e+01,-1.878671e+00,-7.650445e-01,-2.279430e+00,-2.948907e+00,-3.289753e+00,4.424652e-03,-4.897547e-02,-1.246482e+00,2.741629e-01,4.110380e-01,7.924185e-01,1.284177e+00,1.506632e+00,1.604190e+00,1.958279e+00,2.492064e+00,2.489849e+02,7.666935e-01,-6.904044e-02,-8.788124e-01,6.550832e-02,5.895714e-01,-2.316761e+00,1.525666e+00,5.918551e+00,4.875669e+00,1.617302e+00,-1.265750e+00,-4.639411e+00,-3.446473e+00,-1.566291e+00,-1.960339e+00,-1.348707e+00,2.767231e+00,-1.097602e-01,-6.698581e-01,5.872605e-02,1.537951e-01,-3.181718e-01,-3.331222e-01,-2.329825e-01,-6.920071e-02,-5.603671e-03,3.622276e-02,-5.464752e-02,-5.613833e-02,-8.436668e-03,-1.068589e-02,-5.672361e-02,-5.756173e-02,-1.285519e+00,-2.045255e-02,2.492877e+02,6.070542e-03,3.336134e-03,5.254712e-02,-4.224364e+00,6.312901e-03,4.028971e-03,4.870139e-03
357,3.570000,2.724501e-01,-2.344704e+01,-7.791164e+00,2.929173e+00,5.448661e+00,-3.543534e+01,-1.567414e+01,1.076806e+01,-1.298498e+01,-3.198159e+01,1.692193e+00,-1.010228e+01,-5.921788e+00,-9.473233e+00,-9.632891e+00,-2.050168e+01,-1.928588e+00,-1.492408e+00,-2.114960e+00,-2.870937e+00,-3.677626e+00,-3.443936e-01,-3.156055e-01,-1.400673e+00,2.672400e-01,4.477855e-01,7.368973e-01,1.211808e+00,1.503648e+00,1.592165e+00,1.888751e+00,2.470239e+00,2.469645e+02,7.454021e-01,-6.939568e-02,-1.588931e+00,2.065425e-02,1.095342e+00,-4.044930e+00,2.536144e+00,5.400237e+00,3.150234e+00,3.614667e+00,-1.045665e+00,-4.389682e+00,-3.106612e+00,-6.505725e-01,-3.854278e+00,-2.645074e+00,2.637386e+00,-1.790144e-01,-6.871196e-01,1.026890e-02,1.117965e-01,-3.823867e-01,-5.924509e-01,-4.672439e-01,-1.103334e-01,-7.361499e-03,3.511097e-02,-4.481082e-02,-5.643003e-02,-4.822505e-03,-7.084215e-03,-3.851203e-02,-1.604409e-02,-2.432246e+00,-1.921935e-02,2.409032e+02,9.865574e-03,3.381387e-03,5.264940e-02,-2.173678e+01,7.831526e-03,5.839179e-03,-8.170288e-04
358,3.580000,2.409942e-01,-2.507994e+01,-7.778848e+00,5.280358e+00,5.309410e-01,-3.273625e+01,-1.170841e+01,1.251379e+01,-9.870694e+00,-3.511308e+01,-3.847788e+00,-1.341110e+01,-3.678446e+00,-1.491816e+01,-1.505391e+01,-1.861970e+01,-2.003021e+00,-2.111705e+00,-2.065799e+00,-2.650400e+00,-4.095717e+00,-1.096434e+00,-8.868759e-01,-1.474668e+00,2.537583e-01,4.845635e-01,6.912851e-01,1.155158e+00,1.498185e+00,1.578255e+00,1.872165e+00,2.465255e+00,2.432623e+02,7.303804e-01,-2.290611e-02,-2.413773e+00,-4.845588e-01,1.422241e+00,-5.224364e+00,3.523265e+00,4.219433e+00,4.778761e-01,5.409105e+00,1.006072e+00,-2.895982e+00,-1.320125e+00,3.776391e-01,-4.766246e+00,-1.514013e+00,1.223400e+00,-4.264616e-01,-6.126394e-01,-1.233407e-01,-6.066594e-02,-3.983058e-01,-8.104562e-01,-6.518509e-01,-1.377932e-01,1.037119e-03,2.814255e-02,-1.550031e-02,-2.805318e-02,2.529895e-03,4.664290e-03,1.125325e-02,3.977008e-02,-2.941994e+00,-1.873163e-02,2.321559e+02,3.325014e-02,2.332632e-02,7.165106e-02,-4.413209e+01,6.051493e-03,5.565250e-03,1.807700e-03
359,3.590000,2.422309e-01,-2.867191e+01,-8.346421e+00,7.603687e+00,-5.933952e+00,-2.617816e+01,-6.569527e+00,1.147625e+01,-1.967020e+00,-3.319467e+01,-5.798077e+00,-1.105919e+01,-2.465854e+00,-2.097532e+01,-1.761881e+01,-2.040763e+01,-2.562398e+00,-2.808432e+00,-2.449023e+00,-2.791377e+00,-4.586722e+00,-2.209725e+00,-1.868432e+00,-1.689187e+00,2.476365e-01,5.104707e-01,6.863201e-01,1.133629e+00,1.509596e+00,1.599263e+00,1.907553e+00,2.590252e+00,2.395840e+02,7.157729e-01,1.042861e-03,-2.713932e+00,-1.079120e+00,5.625841e-01,-6.039649e+00,3.986545e+00,3.501607e+00,-1.426614e+00,6.976172e+00,4.498725e+00,-5.769319e-01,1.545429e+00,9.419211e-01,-3.807116e+00,1.592662e+00,7.311840e-01,-7.587640e-01,-4.854715e-01,-1.789691e-01,-1.845235e-01,-3.120202e-01,-8.561236e-01,-6.873478e-01,-1.325780e-01,1.614821e-02,1.595251e-02,5.440480e-03,-9.201395e-03,5.051851e-04,8.850276e-03,1.591628e-02,4.303847e-02,-2.329579e+00,-2.223180e-02,1.492273e+02,3.039140e-02,2.290516e-02,6.032877e-02,-6.394971e+01,-2.691619e-03,-8.688594e-04,-1.192039e-02
360,3.600000,3.034526e-01,-3.184167e+01,-1.049768e+01,7.371887e+00,-1.195258e+01,-2.251064e+01,-4.895133e+00,6.652617e+00,5.503483e+00,-2.484148e+01,-4.933445e+00,-9.204244e+00,-2.230727e+00,-2.486742e+01,-1.227438e+01,-2.001904e+01,-3.694074e+00,-3.170230e+00,-2.729102e+00,-3.292017e+00,-4.826734e+00,-3.115191e+00,-2.531817e+00,-1.791191e+00,2.891503e-01,5.204081e-01,7.402056e-01,1.183000e+00,1.516308e+00,1.623963e+00,2.005145e+00,2.630908e+00,2.379652e+02,6.878500e-01,-1.098391e-02,-2.229815e+00,-1.113504e+00,-8.592226e-01,-5.645060e+00,2.407781e+00,2.701178e+00,-9.696813e-01,6.759793e+00,6.353757e+00,2.216559e+00,2.571288e+00,7.428131e-01,-6.862451e-01,4.418563e+00,2.025925e+00,-9.365586e-01,-2.881364e-01,-8.330989e-02,-1.958280e-01,-1.990465e-01,-6.409665e-01,-5.295644e-01,-1.209189e-01,2.975402e-02,6.816023e-03,1.344227e-02,-8.156503e-03,2.757811e-03,7.255161e-03,1.771533e-02,3.763862e-02,-1.221320e+00,-2.328512e-02,7.446520e+01,2.606510e-02,2.140050e-02,5.774593e-02,-6.135390e+01,-9.689168e-03,-6.955779e-03,-2.036309e-02
361,3.610000,2.464352e-01,-3.363584e+01,-1.182734e+01,4.696329e+00,-1.850783e+01,-2.061542e+01,-1.572746e+00,6.565571e+00,1.420879e+01,-1.462376e+01,-6.496375e-01,-4.478563e+00,-1.936041e+00,-2.353418e+01,-3.059348e+00,-1.614609e+01,-4.876881e+00,-3.390503e+00,-2.678154e+00,-3.472746e+00,-4.872218e+00,-3.615633e+00,-2.929874e+00,-1.905301e+00,3.302851e-01,5.096257e-01,7.396395e-01,1.151879e+00,1.497113e+00,1.613563e+00,1.901843e+00,2.602606e+00,2.379652e+02,6.555083e-01,-3.519074e-02,-1.250425e+00,-6.660923e-01,-1.320912e+00,-3.996999e+00,8.781864e-01,2.085538e+00,3.844683e-01,4.151912e+00,5.516219e+00,3.342302e+00,1.760164e+00,1.387840e+00,2.162811e+00,4.360963e+00,3.333172e+00,-7.655165e-01,-1.476826e-01,1.832569e-02,-9.317100e-02,-1.019411e-01,-3.615325e-01,-2.990282e-01,-8.592436e-02,2.350555e-02,-9.208620e-04,-4.574805e-03,-2.871697e-02,-1.806006e-02,-8.281196e-03,-2.945203e-02,-3.421516e-02,-3.237732e-01,-6.182854e-02,0,0,0,0,-3.729198e+01,-8.684789e-03,-6.721082e-03,-1.784035e-02
362,3.620000,1.839725e-01,-3.374706e+01,-1.160591e+01,2.437924e+00,-2.140742e+01,-2.347871e+01,-7.009117e-01,1.012072e+01,1.584037e+01,-1.262975e+01,4.660787e+00,-3.844971e+00,-2.292867e-01,-1.706995e+01,-2.408326e-01,-1.062085e+01,-5.528573e+00,-3.261351e+00,-2.367783e+00,-3.288856e+00,-4.948201e+00,-3.598312e+00,-3.003977e+00,-1.971205e+00,3.612041e-01,5.190661e-01,7.318368e-01,1.105250e+00,1.518216e+00,1.607381e+00,1.963596e+00,2.647272e+00,2.379652e+02,6.440871e-01,-3.245790e-02,-6.618649e-01,8.802567e-02,-6.102853e-01,-1.513803e+00,7.145416e-01,1.663199e+00,1.733404e+00,1.963026e+00,2.504684e+00,2.730236e+00,4.871853e-01,1.497717e+00,2.526972e+00,9.606865e-01,2.694938e+00,-3.696988e-01,-1.067712e-01,1.194787e-03,-5.841804e-03,-7.823644e-02,-1.679897e-01,-1.923548e-01,-8.816959e-02,4.602858e-03,2.714026e-03,-2.224083e-02,-3.838994e-02,-2.965014e-02,-1.776973e-02,-5.476320e-02,-6.261124e-02,0,-7.280220e-02,0,0,0,0,-1.489304e+01,-5.213019e-03,-4.280100e-03,-1.154919e-02
363,3.630000,1.260173e-01,-3.397134e+01,-1.112277e+01,3.466109e+00,-2.119153e+01,-2.130319e+01,1.761050e+00,1.166454e+01,1.362410e+01,-1.171945e+01,6.116317e+00,-4.938004e+00,3.472625e+00,-1.406000e+01,-1.830774e+00,-8.440867e+00,-5.472731e+00,-3.501284e+00,-2.538054e+00,-3.258813e+00,-5.035694e+00,-3.775827e+00,-3.127493e+00,-2.028802e+00,3.291373e-01,5.065374e-01,6.676305e-01,1.028919e+00,1.418342e+00,1.566148e+00,1.781067e+00,2.410994e+00,2.379652e+02,4.285116e-01,-8.703831e-03,-4.859818e-01,1.592732e-01,2.638197e-01,5.209446e-01,9.386246e-01,1.173990e+00,9.387324e-01,5.258726e-01,4.714746e-01,8.498443e-01,-3.665909e-01,2.309880e+00,8.007275e-01,-1.758841e+00,1.227241e+00,-8.680511e-02,-1.142259e-01,-1.029108e-01,-1.595452e-02,-4.205737e-02,-1.125897e-01,-9.771915e-02,-5.510122e-02,-5.248284e-03,6.278318e-03,-1.131480e-02,-1.274518e-02,-2.938154e-02,-8.985817e-03,-2.291410e-02,-5.871703e-02,0,-6.310096e-02,0,0,0,0,0,0,0,0
364,3.640000,2.013721e-01,-3.498325e+01,-1.040984e+01,4.935570e+00,-1.817974e+01,-1.859405e+01,1.753966e+00,1.277015e+01,1.561096e+01,-1.377023e+01,5.334755e+00,-6.538597e+00,2.553523e+00,-1.696965e+01,-8.085238e+00,-1.039696e+01,-5.244643e+00,-3.648695e+00,-2.793178e+00,-3.428192e+00,-5.136178e+00,-3.875042e+00,-3.394781e+00,-2.170289e+00,3.127384e-01,5.355224e-01,6.650059e-01,1.052531e+00,1.407442e+00,1.558822e+00,1.791717e+00,2.413657e+00,2.379652e+02,4.373373e-01,1.119318e-02,-1.406017e-01,-2.585445e-01,-2.659333e-01,9.533827e-01,1.372836e+00,4.308257e-01,-7.619084e-01,1.006621e+00,3.465024e-01,-1.567994e+00,-3.530440e-01,2.674687e+00,-5.828698e-01,-2.205162e+00,2.810718e-01,-4.474068e-03,-1.095706e-01,-9.453633e-02,6.572318e-03,1.599804e-01,-3.852437e-02,-6.484270e-04,7.443476e-03,2.823132e-03,1.255382e-02,5.876005e-03,1.797352e-02,-1.433492e-02,-3.678560e-04,3.523493e-03,-2.421694e-02,3.460388e-02,1.416214e-02,0,0,0,0,1.600275e+01,0,0,8.015140e-03
365,3.650000,1.942163e-01,-3.544765e+01,-1.162901e+01,4.766604e+00,-1.751694e+01,-1.836463e+01,3.069764e+00,9.934517e+00,1.695286e+01,-1.169616e+01,3.262600e+00,-4.964705e+00,8.221951e+00,-1.958070e+01,-7.931349e+00,-1.012183e+01,-5.452871e+00,-3.767960e+00,-2.980011e+00,-3.482850e+00,-4.988516e+00,-4.040216e+00,-3.223067e+00,-2.081265e+00,3.282765e-01,5.327892e-01,7.164809e-01,1.114513e+00,1.405592e+00,1.592913e+00,1.873212e+00,2.425828e+00,2.379652e+02,4.433784e-01,-7.830471e-04,1.226856e+00,-1.300320e-01,-2.008156e+00,6.259998e-01,6.343105e-01,-2.097953e+00,-4.158712e+00,1.106954e+00,1.482823e+00,-2.839613e+00,-1.272731e+00,2.862459e+00,8.244299e-01,-1.306388e+00,1.105047e+00,1.053774e-01,1.655434e-01,1.523714e-01,1.285561e-01,5.855928e-01,2.263566e-01,1.893732e-01,1.289452e-01,1.829810e-02,6.329942e-03,3.421569e-02,3.372506e-02,2.422118e-03,5.566800e-03,4.603114e-02,3.736732e-02,7.530975e-02,9.565642e-02,0,0,0,0,3.985828e+01,6.152364e-03,2.242600e-03,5.224425e-02
366,3.660000,2.058389e-01,-3.371191e+01,-1.264551e+01,4.580100e-01,-1.847780e+01,-1.808381e+01,7.988596e-01,7.176192e+00,1.920909e+01,-1.090889e+01,-1.752326e+00,-5.596841e+00,1.076948e+01,-1.722396e+01,-8.216356e+00,-8.375006e+00,-5.560873e+00,-3.675866e+00,-2.619487e+00,-3.143975e+00,-4.171888e+00,-3.658739e+00,-2.959432e+00,-1.907756e+00,3.757502e-01,5.687093e-01,7.367916e-01,1.152321e+00,1.452916e+00,1.592159e+00,1.935141e+00,2.518770e+00,2.381382e+02,7.074644e-01,-1.573229e-02,3.254504e+00,9.864793e-01,-4.197423e+00,1.375984e-01,5.817259e-01,-4.726962e+00,-7.631001e+00,3.911678e-01,2.929807e+00,-3.280116e+00,-3.270767e+00,1.822496e+00,2.945941e+00,-1.198503e+00,2.531024e+00,4.321335e-01,5.694835e-01,5.247706e-01,3.717083e-01,1.099922e+00,5.980278e-01,3.567728e-01,2.403835e-01,2.017608e-02,-8.705145e-03,4.511123e-02,2.050978e-02,-1.909734e-02,-1.507372e-02,1.766481e-02,3.310454e-02,6.983338e-02,1.118192e-01,8.001375e+01,0,0,4.007570e-02,6.351078e+01,1.348175e-02,6.313233e-03,7.936175e-02
367,3.670000,1.198686e-01,-2.847273e+01,-1.065510e+01,-4.335892e+00,-1.791250e+01,-1.838676e+01,-8.251163e+00,-6.332038e+00,1.735980e+01,-5.735998e+00,-4.538208e+00,-1.177254e+01,1.367694e+01,-9.810699e+00,-8.297157e+00,-3.926610e+00,-4.787729e+00,-2.659981e+00,-1.863043e+00,-2.758141e+00,-2.589875e+00,-2.752195e+00,-2.398302e+00,-1.515343e+00,3.891219e-01,5.215936e-01,8.028161e-01,1.147650e+00,1.407716e+00,1.577313e+00,1.939510e+00,2.545274e+00,2.382552e+02,7.717302e-01,-5.054876e-03,4.791676e+00,2.701044e+00,-5.445317e+00,1.259769e-01,1.024917e+00,-6.149514e+00,-8.369719e+00,3.732702e-01,3.429066e+00,-2.096914e+00,-4.850214e+00,-1.279361e+00,3.212641e+00,-2.148883e+00,2.629277e+00,8.377010e-01,9.836014e-01,8.582495e-01,6.093724e-01,1.366891e+00,8.920643e-01,3.920812e-01,2.593846e-01,1.022483e-02,-2.081435e-02,5.017757e-02,3.042126e-03,-3.727322e-02,-3.299243e-02,1.779890e-03,4.482765e-02,-4.754639e-02,9.486195e-02,1.592845e+02,3.076182e-02,1.121300e-02,2.411834e-01,6.305769e+01,1.621847e-02,9.606419e-03,7.624932e-02
368,3.680000,1.598845e-01,-2.219818e+01,-5.964403e+00,-1.150029e+01,-1.729397e+01,-1.567436e+01,-1.622038e+01,-1.725158e+01,1.736333e+01,-2.101267e+00,-7.165419e+00,-1.948852e+01,8.938509e+00,-7.124943e+00,-1.389485e+01,-8.394468e-01,-3.416547e+00,-1.355267e+00,-7.278089e-01,-1.932006e+00,-8.358907e-01,-1.528913e+00,-2.023300e+00,-1.251333e+00,3.831961e-01,4.975944e-01,8.473945e-01,1.138511e+00,1.310893e+00,1.491253e+00,1.846892e+00,2.519457e+00,2.381693e+02,8.322576e-01,1.489107e-02,4.714927e+00,3.495274e+00,-5.522277e+00,-3.515129e-01,1.665900e+00,-3.987266e+00,-5.782472e+00,8.529709e-01,3.287519e+00,-7.456936e-01,-4.477880e+00,-3.666379e+00,1.312404e+00,-2.155595e+00,1.352981e+00,9.229253e-01,1.051875e+00,9.433823e-01,7.561872e-01,1.214212e+00,8.660812e-01,3.068599e-01,1.771204e-01,3.409350e-03,-2.416274e-02,4.316050e-02,-8.248841e-03,-4.865789e-02,-3.925853e-02,-9.834289e-04,3.345437e-02,-2.391724e-01,3.845214e-02,2.379116e+02,5.202783e-02,2.595966e-02,2.762170e-01,3.884682e+01,8.036668e-03,7.345884e-03,1.325798e-02
369,3.690000,1.919191e-01,-1.724614e+01,-1.464343e+00,-1.648083e+01,-1.747897e+01,-1.444477e+01,-1.916818e+01,-1.970019e+01,1.974209e+01,1.045367e+00,-4.515421e+00,-2.226994e+01,2.740631e+00,-8.566995e+00,-1.583651e+01,-7.432225e-01,-2.336529e+00,-1.025314e-02,3.653983e-01,-1.041973e+00,1.779381e-01,-6.448072e-01,-1.730727e+00,-1.112554e+00,3.756777e-01,4.642749e-01,9.120674e-01,1.136628e+00,1.290237e+00,1.478404e+00,1.926236e+00,2.649623e+00,2.377119e+02,8.552915e-01,5.928116e-02,3.268055e+00,2.699466e+00,-4.381835e+00,-1.135649e+00,2.692687e+00,-1.674762e-01,-1.072143e+00,1.888620e+00,2.003847e+00,-2.211629e-01,-2.412557e+00,-4.438001e+00,-7.904725e-01,-5.995668e-01,-7.653575e-01,6.368724e-01,7.132654e-01,7.507806e-01,7.319838e-01,7.847458e-01,5.967491e-01,1.223678e-01,5.728340e-02,7.617733e-03,-5.425367e-03,2.198914e-02,-9.031725e-03,-3.140674e-02,-1.435788e-02,3.391762e-02,3.491483e-02,-3.544739e-01,1.825458e-02,2.363395e+02,5.507844e-02,3.505227e-02,2.631759e-01,1.516397e+01,-7.045190e-03,2.428044e-04,-5.157170e-02
370,3.700000,2.442690e-01,-1.575058e+01,2.354814e-01,-2.108091e+01,-2.045212e+01,-1.172530e+01,-1.367896e+01,-1.505209e+01,2.228280e+01,2.138024e+00,-5.492188e+00,-2.273754e+01,-2.094258e+00,-1.128379e+01,-1.522465e+01,-3.201794e+00,-2.171846e+00,2.586471e-01,9.832041e-01,-2.211231e-01,5.152672e-01,-3.820266e-01,-1.758920e+00,-1.223548e+00,3.995191e-01,4.765550e-01,8.979685e-01,1.116587e+00,1.268366e+00,1.445321e+00,1.936861e+00,2.633868e+00,2.372140e+02,8.579444e-01,7.557359e-02,1.495744e+00,1.170681e+00,-2.481689e+00,-1.328147e+00,3.279152e+00,1.619802e+00,1.261068e+00,1.829283e+00,1.299844e+00,4.569016e-02,-3.841587e-01,-2.687643e+00,-9.064119e-01,1.395362e+00,-1.877826e+00,2.272645e-01,2.694184e-01,3.736831e-01,4.896987e-01,3.818830e-01,2.790262e-01,-2.630178e-02,-3.542205e-02,1.093059e-02,6.769630e-03,7.986492e-03,-9.324098e-03,-1.270473e-02,7.911647e-03,3.980041e-02,2.352221e-02,-3.088776e-01,-1.604003e-03,2.357204e+02,2.802504e-02,2.480979e-02,9.536935e-02,-1.720947e-01,-1.392477e-02,-6.510335e-03,-6.153328e-02
371,3.710000,3.740822e-01,-1.535626e+01,-2.577063e-01,-2.145476e+01,-2.201167e+01,-6.897852e+00,-1.035925e+01,-1.279250e+01,2.434316e+01,2.163589e+00,-6.480639e+00,-2.221081e+01,-2.996680e+00,-1.168364e+01,-1.063009e+01,-6.572224e+00,-2.225718e+00,9.938854e-02,1.035354e+00,4.633740e-02,6.582748e-01,-3.418931e-01,-1.918653e+00,-1.242818e+00,4.190491e-01,5.049865e-01,8.874748e-01,1.113453e+00,1.271946e+00,1.528490e+00,2.064114e+00,2.662643e+00,2.369605e+02,8.501596e-01,8.299900e-02,2.137366e-01,-2.021648e-01,-6.888071e-01,-1.296221e-01,3.023249e+00,5.678715e-01,5.730122e-01,8.885752e-01,9.588223e-01,7.243493e-01,3.377106e-01,-4.406895e-01,1.540813e-01,1.873912e+00,-1.776032e+00,-2.879074e-02,-6.851740e-02,-1.600592e-02,1.344971e-01,1.517610e-01,8.081031e-02,-6.410507e-02,-5.606984e-02,6.610018e-03,1.233234e-02,6.855893e-03,-4.582596e-03,-1.736522e-03,1.928856e-02,2.652070e-02,-1.488590e-03,-1.362946e-01,-6.583291e-02,2.362000e+02,7.537270e-03,1.300196e-02,7.374877e-02,-1.543399e+01,-1.270750e-02,-8.355593e-03,-4.985309e-02
372,3.720000,4.466709e-01,-1.566440e+01,-7.143142e-01,-2.142178e+01,-2.166836e+01,-3.052056e+00,-1.252584e+01,-1.440009e+01,2.420920e+01,3.838844e+00,-5.954360e+00,-2.143888e+01,-1.631051e+00,-1.009868e+01,-9.521253e+00,-7.314075e+00,-2.335630e+00,-6.299567e-02,8.056290e-01,-2.766735e-02,8.333560e-01,-2.852392e-01,-2.060846e+00,-1.363311e+00,4.161634e-01,5.110868e-01,8.996232e-01,1.103478e+00,1.256515e+00,1.505769e+00,1.976955e+00,2.630558e+00,2.370006e+02,8.268035e-01,5.125199e-02,-5.728346e-01,-7.821809e-01,1.229444e+00,2.106050e+00,1.497558e+00,-1.637365e+00,-1.715209e+00,-1.282914e+00,1.006817e+00,1.846025e+00,5.020218e-02,1.223120e+00,1.623201e+00,1.386381e+00,-1.211540e+00,-6.886964e-02,-1.838066e-01,-3.488118e-01,-2.507486e-01,-8.248091e-04,-7.624548e-02,-1.261416e-02,-4.618843e-02,-1.066592e-02,3.467166e-03,1.282160e-02,-1.287270e-03,-1.146591e-03,9.216880e-03,-2.485642e-02,-3.543489e-02,2.128754e-02,-1.026528e-01,2.371209e+02,6.174572e-03,4.433141e-03,6.326419e-02,-3.904464e+01,-5.774538e-03,-5.811135e-03,-2.014244e-02
373,3.730000,5.057132e-01,-1.622054e+01,-2.000269e+00,-1.975443e+01,-1.751897e+01,-3.665150e+00,-1.690539e+01,-1.716113e+01,2.322177e+01,4.989069e+00,-6.625891e-01,-2.123072e+01,3.055804e-01,-8.389142e+00,-9.318652e+00,-7.567244e+00,-2.398591e+00,-1.920187e-01,3.741562e-01,-4.662160e-01,7.776988e-01,-2.891493e-01,-1.900289e+00,-1.323022e+00,4.004056e-01,5.086707e-01,9.455194e-01,1.120269e+00,1.287480e+00,1.544623e+00,2.038793e+00,2.643835e+00,2.371371e+02,5.416974e-01,-1.301351e-02,-1.846588e+00,-9.095939e-01,3.327222e+00,3.588106e+00,-1.035620e-01,-9.026381e-01,-2.058870e+00,-2.781591e+00,6.286480e-02,1.533617e+00,-4.678955e-01,1.251669e+00,2.220551e+00,7.882592e-01,-1.468138e+00,-9.978626e-02,-4.118464e-01,-6.383156e-01,-5.982840e-01,-3.274023e-01,-3.728269e-01,-6.121608e-02,-8.892737e-02,-2.964616e-02,-4.579145e-03,8.164251e-03,-1.382399e-03,-2.806806e-03,-1.207018e-03,-6.649429e-02,-5.150702e-02,7.747956e-02,-1.112580e-01,1.584693e+02,2.466150e-03,3.462620e-03,2.996308e-02,-6.301583e+01,-1.956121e-03,-2.991328e-03,-1.942117e-02
374,3.740000,4.347135e-01,-1.818261e+01,-2.804142e+00,-1.578385e+01,-1.216823e+01,-5.853863e+00,-1.859272e+01,-2.144382e+01,1.642893e+01,5.759368e+00,8.289145e-01,-2.297658e+01,2.370211e+00,-4.815029e+00,-8.948464e+00,-8.761985e+00,-2.429757e+00,-5.146821e-01,-4.302562e-01,-1.218589e+00,4.514312e-01,-7.896259e-01,-1.831173e+00,-1.414389e+00,3.555112e-01,4.920487e-01,9.330541e-01,1.106743e+00,1.254866e+00,1.483339e+00,1.825240e+00,2.466097e+00,2.372321e+02,4.989116e-01,-6.433197e-02,-3.327210e+00,-1.127825e+00,5.349380e+00,3.272532e+00,-9.097255e-01,2.893509e+00,8.197676e-01,-3.572602e+00,-2.512268e+00,-6.970527e-02,-2.511545e-01,-4.391394e-01,7.640888e-01,9.166948e-01,-2.717254e+00,-1.771462e-01,-7.606359e-01,-8.427976e-01,-7.889622e-01,-8.246266e-01,-7.070940e-01,-1.926387e-01,-1.554653e-01,-3.851597e-02,-1.422846e-03,-1.527033e-02,3.304899e-03,1.389225e-02,1.353948e-02,-5.769694e-02,-4.382861e-02,5.580902e-02,-3.708461e-02,7.936254e+01,1.687906e-03,5.237832e-04,1.655001e-02,-6.327111e+01,-1.481529e-03,-1.232890e-03,-1.564915e-02
375,3.750000,3.149933e-01,-2.333010e+01,-3.760762e+00,-7.637609e+00,-8.821202e+00,-6.014759e+00,-1.183900e+01,-1.956498e+01,1.432535e+01,1.517651e+00,-2.204189e+00,-2.378143e+01,1.261033e+00,-3.222707e+00,-6.975190e+00,-1.318896e+01,-2.677586e+00,-1.734000e+00,-1.538282e+00,-2.349622e+00,-7.877744e-01,-1.953834e+00,-2.339570e+00,-1.661916e+00,3.011444e-01,4.916098e-01,9.115806e-01,1.104909e+00,1.258736e+00,1.533670e+00,1.807500e+00,2.487338e+00,2.372321e+02,4.578157e-01,-9.178518e-02,-4.352263e+00,-1.237899e+00,6.208216e+00,1.459028e+00,-1.277320e+00,6.236062e+00,4.832003e+00,-2.754217e+00,-5.252248e+00,-1.685568e+00,9.922940e-01,-2.941922e+00,-1.962333e+00,9.944040e-01,-3.471074e+00,-3.007696e-01,-9.874125e-01,-8.432935e-01,-7.834479e-01,-1.260091e+00,-8.807233e-01,-3.478668e-01,-2.258093e-01,-3.431746e-02,6.223840e-03,-4.072458e-02,-1.452923e-04,4.429746e-02,2.359716e-02,-3.728031e-02,4.432416e-03,4.196777e-02,4.994952e-02,0,0,0,0,-2.372281e+01,-6.620205e-04,-7.449024e-04,-7.647617e-03
376,3.760000,2.203709e-01,-2.874567e+01,-5.473192e+00,-7.332835e-01,-9.654578e+00,-6.425879e+00,-5.914828e-01,-9.099324e+00,1.079440e+01,-6.986788e+00,-5.532086e+00,-2.141929e+01,-4.304474e+00,-8.861454e+00,-6.109510e+00,-1.808949e+01,-3.081864e+00,-3.095184e+00,-2.452140e+00,-3.030776e+00,-2.507040e+00,-2.988366e+00,-2.804399e+00,-1.971190e+00,2.732141e-01,5.125030e-01,8.402410e-01,1.127683e+00,1.340348e+00,1.578943e+00,1.804117e+00,2.489663e+00,2.372321e+02,6.833213e-01,-6.969265e-02,-3.798488e+00,-1.416854e+00,4.856648e+00,-3.774294e-01,-2.131500e+00,5.678002e+00,6.294515e+00,-1.376682e+00,-5.366583e+00,-7.137065e-01,2.796799e+00,-3.340459e+00,-4.293719e+00,6.576135e-01,-2.250080e+00,-4.075175e-01,-8.051447e-01,-5.985661e-01,-5.715095e-01,-1.265150e+00,-6.988112e-01,-2.998282e-01,-1.819866e-01,-1.234009e-02,7.485682e-03,-4.590208e-02,9.583617e-03,7.065578e-02,3.575983e-02,2.151408e-02,5.465097e-02,6.917877e-02,7.485793e-02,0,0,0,0,2.387401e+01,-3.375812e-04,-1.047566e-04,-3.310003e-03
377,3.770000,1.539586e-01,-3.270033e+01,-6.855240e+00,3.761364e+00,-1.148065e+01,-9.765740e+00,5.274304e+00,8.266330e-01,1.226794e+01,-1.489909e+01,-5.909931e+00,-1.704789e+01,-1.106669e+01,-1.617760e+01,-5.766109e+00,-2.025886e+01,-3.576385e+00,-3.838830e+00,-2.831369e+00,-3.477362e+00,-4.043522e+00,-3.593395e+00,-3.153010e+00,-2.173667e+00,2.699668e-01,5.295628e-01,7.883031e-01,1.109073e+00,1.466226e+00,1.614807e+00,1.862953e+00,2.654214e+00,2.373469e+02,6.992402e-01,-3.783361e-02,-1.226214e+00,-8.005430e-01,1.521916e+00,-1.328080e+00,-2.722033e+00,1.059328e+00,2.408433e+00,-6.524711e-01,-1.912786e+00,1.551126e+00,2.939853e+00,-6.308025e-01,-3.221429e+00,-3.130766e-01,4.075688e-01,-2.861492e-01,-1.180583e-01,-1.249230e-01,-1.595354e-01,-5.818785e-01,-2.207296e-01,-5.798533e-02,-1.295979e-02,4.492485e-03,-4.159176e-03,-3.202767e-02,3.829694e-03,3.826159e-02,9.515107e-03,-1.824737e-04,2.759585e-02,1.120499e-01,7.734818e-02,7.953649e+01,0,0,0,6.350256e+01,1.098083e-02,0,4.339796e-02
378,3.780000,1.667676e-01,-3.248993e+01,-8.341175e+00,2.799904e+00,-1.272565e+01,-1.463587e+01,1.240639e+00,-1.670574e-01,1.057422e+01,-1.286518e+01,-8.867472e-01,-1.235935e+01,-8.168224e+00,-1.980618e+01,-6.264937e+00,-1.647743e+01,-4.017945e+00,-3.487991e+00,-2.776543e+00,-3.512267e+00,-4.246444e+00,-3.463901e+00,-2.923593e+00,-2.068446e+00,3.093995e-01,5.105007e-01,7.651824e-01,1.152579e+00,1.504400e+00,1.621569e+00,1.905084e+00,2.655914e+00,2.375206e+02,7.524890e-01,-5.377111e-03,1.947441e+00,4.019333e-01,-2.557079e+00,-1.131309e+00,-2.109746e+00,-4.218675e+00,-2.631933e+00,5.187426e-01,3.316354e+00,3.579505e+00,1.239082e+00,2.893544e+00,4.281739e-01,-1.224138e+00,3.359657e+00,-1.221704e-02,6.239332e-01,4.178532e-01,2.812977e-01,4.166829e-01,3.363265e-01,2.385480e-01,1.455827e-01,1.648717e-02,-1.606507e-02,5.272657e-03,5.975902e-03,-1.467164e-02,-8.044600e-03,9.909165e-03,2.101087e-03,9.360351e-02,4.339303e-02,1.589643e+02,0,0,0,6.330017e+01,1.825376e-02,3.674155e-03,7.952110e-02
379,3.790000,1.526269e-01,-2.758904e+01,-6.329485e+00,-1.794623e+00,-1.392607e+01,-1.551993e+01,-7.458426e+00,-1.198895e+01,1.117308e+01,-5.107085e+00,3.228769e+00,-1.361214e+01,3.889561e-02,-1.385749e+01,-8.462859e+00,-1.195714e+01,-3.640291e+00,-2.127888e+00,-2.000695e+00,-2.906553e+00,-2.827465e+00,-2.819715e+00,-2.569899e+00,-1.678087e+00,3.055141e-01,4.718151e-01,7.889715e-01,1.111610e+00,1.368018e+00,1.559932e+00,1.756104e+00,2.542192e+00,2.376481e+02,8.099728e-01,3.401867e-02,4.404765e+00,1.714222e+00,-6.064918e+00,-9.789542e-01,-3.683482e-01,-5.776021e+00,-4.533848e+00,1.089336e+00,6.038090e+00,2.840413e+00,-1.444211e+00,3.640856e+00,3.323163e+00,-2.081568e+00,4.348634e+00,3.388786e-01,1.061280e+00,8.674145e-01,7.482625e-01,1.213455e+00,7.671283e-01,4.576240e-01,2.191837e-01,2.002820e-02,-1.523375e-02,2.682015e-02,3.123164e-04,-6.120695e-02,-2.464087e-02,-8.158529e-03,-7.331721e-02,5.625916e-03,4.109211e-02,2.380306e+02,5.490416e-02,0,2.169898e-01,3.928040e+01,1.945515e-02,5.753415e-03,9.118061e-02
380,3.800000,1.941512e-01,-2.156412e+01,-3.726403e+00,-1.074068e+01,-1.408842e+01,-1.409751e+01,-1.531849e+01,-1.585120e+01,1.393554e+01,4.698979e+00,7.796088e+00,-1.694176e+01,4.610456e+00,-7.880639e+00,-1.088183e+01,-5.442064e+00,-3.110996e+00,-8.309891e-01,-7.782109e-01,-1.909692e+00,-1.031654e+00,-1.693574e+00,-1.903214e+00,-1.491067e+00,3.378763e-01,4.610515e-01,8.662701e-01,1.156294e+00,1.316094e+00,1.566157e+00,1.907087e+00,2.556180e+00,2.375495e+02,8.449202e-01,7.232886e-02,4.710159e+00,2.184104e+00,-7.324799e+00,-1.068462e+00,1.253769e+00,-4.219755e+00,-1.905982e+00,2.353632e+00,5.251215e+00,-7.847401e-02,-3.033051e+00,7.769521e-01,3.783441e+00,-1.477200e+00,3.480600e+00,4.641770e-01,9.806954e-01,1.038202e+00,9.500589e-01,1.354539e+00,8.930801e-01,4.492339e-01,1.473639e-01,2.455289e-02,-1.145566e-03,3.225066e-02,-8.041966e-03,-5.649283e-02,-2.660496e-02,-1.549363e-04,-7.148103e-02,-7.857361e-02,2.746649e-02,2.372538e+02,6.381670e-02,1.837077e-02,2.891106e-01,1.548431e+01,3.289255e-03,6.256305e-03,2.958221e-02
381,3.810000,3.103601e-01,-1.613941e+01,-5.915172e-01,-1.979293e+01,-1.569404e+01,-1.187666e+01,-1.532623e+01,-1.400054e+01,1.603396e+01,6.509278e+00,3.950716e+00,-2.197774e+01,7.482546e-01,-5.524551e+00,-1.386551e+01,-4.033377e+00,-2.335467e+00,1.390680e-01,5.065373e-01,-5.373375e-01,4.163598e-01,-6.429173e-01,-1.375080e+00,-1.366438e+00,3.558694e-01,4.781186e-01,8.718600e-01,1.108777e+00,1.254344e+00,1.519308e+00,1.821158e+00,2.337495e+00,2.373606e+02,8.584852e-01,9.357744e-02,3.274010e+00,1.403163e+00,-6.451337e+00,-1.503373e+00,1.975641e+00,-1.564456e+00,1.226007e+00,2.851451e+00,2.032006e+00,-2.889120e+00,-2.309031e+00,-2.231244e+00,2.087987e+00,4.077223e-01,1.215449e+00,3.023418e-01,5.470475e-01,8.433129e-01,8.570088e-01,9.737682e-01,7.469306e-01,2.626177e-01,4.290774e-02,3.209687e-02,1.470822e-02,2.156487e-02,-4.357541e-03,-2.359298e-02,-1.895661e-02,1.456331e-02,-4.501612e-02,-7.351990e-02,1.252184e-02,2.367937e+02,6.536739e-02,1.958169e-02,3.113478e-01,-5.836640e-02,-1.560616e-02,9.597450e-04,-5.562006e-02
382,3.820000,4.495453e-01,-1.466395e+01,-2.896405e-01,-2.482493e+01,-1.718397e+01,-1.018866e+01,-1.592423e+01,-8.691175e+00,1.991194e+01,7.582716e+00,-1.640090e+00,-2.334181e+01,-4.638143e+00,-5.055442e+00,-1.094961e+01,-3.036314e+00,-2.349472e+00,2.820081e-01,1.160852e+00,5.342041e-02,9.043363e-01,-8.689968e-02,-1.274833e+00,-1.487451e+00,4.069863e-01,5.016211e-01,8.849915e-01,1.113785e+00,1.278773e+00,1.508856e+00,1.871782e+00,2.400857e+00,2.372715e+02,8.655653e-01,6.257560e-02,1.441040e+00,3.899252e-01,-3.942104e+00,-2.032175e+00,2.018775e+00,-6.112197e-01,1.454774e+00,2.230242e+00,-7.509754e-01,-4.463759e+00,-1.183116e+00,-2.961904e+00,1.863337e-03,2.340450e+00,-1.362579e+00,9.154291e-02,1.532913e-01,4.742760e-01,5.560611e-01,4.906866e-01,4.550411e-01,-4.415226e-03,-2.953825e-02,2.848041e-02,1.893036e-02,1.271754e-02,-7.824361e-03,-2.890921e-03,-2.033272e-02,9.310663e-03,1.657698e-02,6.537323e-02,9.570777e-04,2.370043e+02,1.121466e-02,2.149068e-02,1.007321e-01,4.820572e-01,-1.851362e-02,-4.873078e-03,-8.215930e-02
383,3.830000,4.928171e-01,-1.466907e+01,-1.032050e+00,-2.700919e+01,-1.989515e+01,-7.596149e+00,-1.497783e+01,-9.438927e+00,2.244214e+01,3.611078e+00,-6.498739e+00,-2.195727e+01,-6.493021e+00,-4.830147e+00,-6.390354e+00,-7.082773e+00,-2.509344e+00,5.085028e-02,1.246337e+00,3.969350e-01,1.073381e+00,1.116008e-01,-1.571001e+00,-1.465356e+00,4.314435e-01,5.250714e-01,8.874351e-01,1.111076e+00,1.268714e+00,1.493799e+00,1.846573e+00,2.394773e+00,2.374195e+02,8.622594e-01,2.189504e-02,9.221258e-02,-2.835425e-01,-1.241155e+00,-1.389386e+00,1.775279e+00,-1.368994e+00,3.689862e-01,1.773351e+00,-2.261524e+00,-3.212854e+00,-1.070786e-03,-1.379534e+00,-1.525845e+00,3.090132e+00,-2.048866e+00,-3.867786e-02,-8.334873e-02,1.011236e-01,1.668175e-01,1.336917e-01,2.276767e-01,-1.679806e-01,-5.746911e-02,1.833171e-02,1.566232e-02,1.646693e-02,7.940054e-03,1.663500e-02,-3.430378e-03,4.764067e-02,8.236112e-02,2.852966e-01,-8.887416e-03,2.378635e+02,3.174376e-03,3.238772e-03,3.307882e-02,9.450668e-01,-1.332876e-02,-5.571330e-03,-5.872073e-02
384,3.840000,4.158007e-01,-1.509409e+01,-1.556510e+00,-2.684308e+01,-2.214873e+01,-6.143892e+00,-1.854879e+01,-1.085814e+01,2.188266e+01,2.393202e+00,-9.297982e+00,-2.286757e+01,-6.578424e+00,-8.218524e+00,-2.917150e+00,-1.073026e+01,-2.566343e+00,-2.042360e-02,1.223269e+00,4.034773e-01,1.093268e+00,2.043719e-01,-1.827329e+00,-1.589299e+00,4.424914e-01,5.322269e-01,9.220703e-01,1.116022e+00,1.294455e+00,1.477248e+00,1.940933e+00,2.610426e+00,2.378469e+02,8.478184e-01,2.511752e-02,-4.274450e-01,-2.786262e-01,1.360480e+00,5.045795e-01,1.052084e+00,-2.094380e+00,-8.104558e-01,1.218496e+00,-3.183573e+00,-9.109765e-01,7.762583e-01,3.515612e-01,-2.599627e+00,1.457039e+00,-9.808464e-01,4.578090e-02,-1.170523e-01,-1.784866e-01,-1.722410e-01,-7.079063e-02,9.695300e-02,-1.684566e-01,-2.537358e-03,-2.980042e-03,2.742302e-03,1.395450e-02,1.466458e-02,1.438049e-02,-1.623642e-03,2.047995e-02,6.855281e-02,4.569946e-01,-2.208639e-02,2.391292e+02,2.345098e-03,2.176838e-03,1.744863e-02,9.720947e-01,-1.149068e-03,-3.986793e-03,-3.500116e-03
385,3.850000,4.367076e-01,-1.546328e+01,-1.375795e+00,-2.498963e+01,-2.015859e+01,-5.022650e+00,-2.085892e+01,-1.107213e+01,2.391535e+01,-2.203585e+00,-8.284608e+00,-2.222021e+01,-5.179273e+00,-1.157223e+01,-2.431080e+00,-1.043073e+01,-2.420420e+00,-1.264598e-01,9.809466e-01,1.217214e-01,9.903526e-01,3.498301e-01,-1.938735e+00,-1.602860e+00,4.297755e-01,5.411273e-01,9.356553e-01,1.147358e+00,1.329679e+00,1.517961e+00,2.024786e+00,2.644516e+00,2.384994e+02,8.229215e-01,1.999347e-02,-9.198532e-01,-4.720282e-01,3.978314e+00,3.390211e+00,-4.599356e-01,-2.895842e+00,-6.376330e-01,7.595810e-01,-4.659392e+00,2.423773e+00,1.708849e+00,1.124809e+00,-2.557863e+00,-8.391750e-01,1.797873e+00,1.217182e-01,-1.467828e-01,-4.521924e-01,-5.477847e-01,-2.971864e-01,1.143485e-02,-4.453144e-02,1.024200e-01,-2.152693e-02,-1.305876e-02,6.804329e-03,2.985202e-02,1.943903e-02,6.744755e-03,-1.149884e-02,1.728716e-02,4.902222e-01,-7.980121e-02,2.404567e+02,3.158360e-03,1.381960e-03,5.938580e-02,-1.536184e+01,6.295335e-04,-1.496978e-04,1.134138e-02
386,3.860000,6.031876e-01,-1.640407e+01,-1.510899e+00,-1.903231e+01,-1.452936e+01,-6.214989e+00,-2.345559e+01,-1.192685e+01,2.526782e+01,-5.427819e+00,-5.302039e+00,-1.932904e+01,-3.537211e+00,-1.468253e+01,-5.644054e+00,-6.266567e+00,-2.165030e+00,-2.145984e-01,4.011137e-01,-6.701779e-01,5.918973e-01,2.787507e-01,-1.933250e+00,-1.431386e+00,3.929201e-01,5.073046e-01,9.306539e-01,1.168967e+00,1.320193e+00,1.488657e+00,1.885075e+00,2.618749e+00,2.390166e+02,7.748023e-01,1.164643e-02,-1.907383e+00,-1.060060e+00,6.016143e+00,5.136440e+00,-2.061336e+00,-1.389371e+00,-8.387680e-02,-6.042635e-01,-6.726604e+00,3.651170e+00,3.542927e+00,2.217115e+00,-1.534472e+00,-2.436738e+00,3.435851e+00,3.723068e-02,-3.375562e-01,-7.601913e-01,-8.115128e-01,-6.080803e-01,-2.047148e-01,-5.485439e-03,1.689928e-01,-3.636395e-02,-2.040153e-02,-1.510715e-02,3.576650e-02,1.464155e-02,-3.276706e-04,-5.563647e-02,-4.414105e-02,3.645310e-01,-1.108614e-01,2.405682e+02,5.477328e-03,2.485121e-03,7.007799e-02,-3.989194e+01,3.289843e-04,-9.554394e-05,-4.924964e-05
387,3.870000,4.990910e-01,-1.861335e+01,-3.414997e+00,-1.102300e+01,-6.753789e+00,-9.860279e+00,-2.700365e+01,-1.209273e+01,2.454747e+01,-1.577537e+01,3.622152e+00,-1.518229e+01,-2.389583e+00,-1.438746e+01,-9.222777e+00,-3.252553e-01,-2.101410e+00,-5.859766e-01,-6.035472e-01,-1.805161e+00,-1.618659e-01,1.315857e-01,-1.740698e+00,-1.032213e+00,3.485945e-01,4.722387e-01,9.171650e-01,1.233864e+00,1.353040e+00,1.521819e+00,1.817008e+00,2.477047e+00,2.392858e+02,4.997614e-01,-6.607940e-02,-3.271650e+00,-1.966842e+00,6.420489e+00,3.751148e+00,-2.948919e+00,1.823026e+00,1.297106e+00,-3.101251e+00,-6.062877e+00,2.549027e+00,4.206153e+00,4.115247e+00,-7.763796e-01,-1.796064e+00,1.818675e+00,-3.076913e-01,-6.365752e-01,-9.312307e-01,-8.325813e-01,-9.423007e-01,-5.850303e-01,-4.498224e-02,6.891136e-02,-3.181510e-02,-1.136814e-02,-3.467467e-02,2.710910e-02,1.499425e-02,-3.678513e-03,-3.446634e-02,-4.266129e-02,1.813767e-01,-1.112064e-01,1.603348e+02,4.755929e-03,2.336142e-03,6.347105e-02,-6.417513e+01,-8.602813e-04,-4.027013e-04,-1.736898e-02
388,3.880000,4.428411e-01,-2.305597e+01,-5.837208e+00,-3.745681e+00,-3.168930e+00,-1.403176e+01,-2.242328e+01,-1.076722e+01,1.854529e+01,-2.445393e+01,3.004487e+00,-8.671901e+00,3.112305e+00,-1.448327e+01,-1.170499e+01,1.396256e+00,-2.539695e+00,-1.478446e+00,-1.785440e+00,-2.690645e+00,-1.371024e+00,-7.100801e-01,-1.953775e+00,-1.029658e+00,3.012621e-01,4.646635e-01,8.557796e-01,1.251602e+00,1.355982e+00,1.473681e+00,1.766640e+00,2.473456e+00,2.392764e+02,4.550916e-01,-1.038525e-01,-4.353567e+00,-2.385139e+00,4.563362e+00,-5.961990e-02,-2.295980e+00,6.204127e+00,3.415661e+00,-2.954103e+00,-2.621300e+00,2.000220e-02,4.327651e+00,5.083852e+00,3.461547e-01,2.548957e-01,-1.517143e+00,-7.650262e-01,-8.997022e-01,-8.404972e-01,-5.887133e-01,-1.127973e+00,-9.405864e-01,-2.473760e-01,-1.642958e-01,-9.473992e-03,1.380955e-02,-4.403527e-02,2.460146e-03,1.681077e-02,8.320034e-03,1.806536e-02,1.014645e-02,5.101013e-02,-3.454122e-02,7.973038e+01,3.191235e-03,1.222027e-03,1.515976e-02,-6.414713e+01,-1.571059e-03,-7.306383e-04,-2.036270e-02
389,3.890000,1.864839e-01,-2.849558e+01,-9.046852e+00,-5.304968e-01,-7.083063e+00,-1.585886e+01,-1.225994e+01,-5.166414e+00,1.177036e+01,-2.300491e+01,3.072650e-01,-6.518017e+00,1.207220e+01,-1.555376e+01,-8.380931e+00,-5.168766e+00,-3.771544e+00,-2.677412e+00,-2.581930e+00,-3.030952e+00,-2.739690e+00,-2.080906e+00,-2.153383e+00,-1.459167e+00,3.165289e-01,5.056072e-01,7.997190e-01,1.241586e+00,1.386755e+00,1.507056e+00,1.911672e+00,2.503857e+00,2.392764e+02,4.267448e-01,-9.620277e-02,-4.320484e+00,-2.181112e+00,2.244736e+00,-3.743589e+00,-1.303315e+00,7.824265e+00,5.123676e+00,-5.697533e-01,3.224718e+00,-1.117534e+00,3.391086e+00,4.124115e+00,9.379447e-01,2.478917e+00,-3.990376e+00,-1.041273e+00,-8.564028e-01,-5.164633e-01,-3.308454e-01,-1.079476e+00,-1.061342e+00,-3.993798e-01,-3.475705e-01,1.468467e-02,2.342234e-02,-4.550692e-02,-2.630699e-02,1.134710e-02,1.526901e-02,2.325216e-02,4.117975e-02,-1.892090e-03,4.660628e-02,0,0,0,0,-4.003999e+01,-1.270309e-03,-5.894311e-04,-1.421019e-02
390,3.900000,2.402287e-01,-3.323079e+01,-1.062067e+01,-1.461752e+00,-1.466282e+01,-1.469560e+01,1.931966e-01,1.688290e+00,1.688585e+01,-1.491955e+01,-3.544584e+00,-2.022927e+00,1.465115e+01,-1.236861e+01,-4.790499e+00,-1.143052e+01,-5.155094e+00,-3.667392e+00,-2.812181e+00,-3.000849e+00,-3.759055e+00,-3.317936e+00,-2.963787e+00,-2.039388e+00,3.615829e-01,5.596681e-01,7.692005e-01,1.177407e+00,1.387389e+00,1.537639e+00,1.928070e+00,2.656077e+00,2.392764e+02,6.386045e-01,-5.774434e-02,-3.182017e+00,-1.465008e+00,7.597246e-01,-4.592818e+00,-6.123494e-01,5.678355e+00,5.467795e+00,2.702575e+00,5.845529e+00,4.651769e-01,1.967325e+00,1.014913e+00,1.751360e+00,3.012615e+00,-3.177480e+00,-9.298321e-01,-5.723222e-01,-1.912072e-01,-2.166945e-01,-8.083531e-01,-8.118321e-01,-4.252084e-01,-3.330387e-01,1.896629e-02,1.339381e-02,-3.509808e-02,-3.131036e-02,1.176150e-02,2.614542e-02,-8.375311e-03,3.024895e-02,0,6.020192e-02,0,0,0,0,-1.594608e+01,-6.382469e-04,-2.444055e-04,-3.031953e-03
391,3.910000,1.193834e-01,-3.512836e+01,-1.192883e+01,-9.412853e-01,-1.972479e+01,-1.604494e+01,8.094379e-01,7.297895e+00,2.252842e+01,-4.418971e+00,1.309016e+00,-1.551346e+00,1.246157e+01,-1.075507e+01,-2.854384e-01,-1.386375e+01,-6.000077e+00,-3.773518e+00,-2.672493e+00,-3.304286e+00,-4.365230e+00,-3.871199e+00,-3.232591e+00,-2.265201e+00,3.918574e-01,5.418481e-01,7.329199e-01,1.139427e+00,1.394072e+00,1.566185e+00,1.852554e+00,2.591635e+00,2.392764e+02,6.410364e-01,-1.100117e-02,-1.583003e+00,-5.790671e-01,8.874516e-01,-3.230609e+00,-1.064261e+00,2.013447e+00,3.625716e+00,2.626661e+00,4.780688e+00,1.686017e+00,8.900446e-01,-8.764850e-01,1.567135e+00,2.146426e+00,-4.114943e-01,-5.113930e-01,-1.964796e-01,-1.332769e-02,-2.010169e-01,-5.014076e-01,-4.523306e-01,-2.959436e-01,-1.814461e-01,-1.318038e-04,-5.284625e-03,-2.916266e-02,-2.282142e-02,9.867633e-03,2.036205e-02,-2.069490e-02,9.159517e-03,0,3.105301e-03,0,0,0,0,0,0,0,0
392,3.920000,1.876697e-01,-3.564966e+01,-1.172126e+01,2.583368e-01,-1.981216e+01,-1.700047e+01,-5.661977e-01,1.033960e+01,2.667913e+01,-4.519254e+00,4.829496e+00,-1.318610e+00,7.992187e+00,-8.125817e+00,-6.896603e-01,-1.014365e+01,-6.074589e+00,-3.792005e+00,-2.696195e+00,-3.637450e+00,-4.600020e+00,-3.874094e+00,-3.540213e+00,-2.291835e+00,3.584293e-01,5.135121e-01,7.136888e-01,1.146130e+00,1.411131e+00,1.574844e+00,1.754322e+00,2.580811e+00,2.392764e+02,6.489554e-01,-5.775105e-03,-3.710884e-01,-1.726431e-01,1.420728e+00,-1.291421e+00,-1.445382e+00,2.032353e-01,1.097972e+00,-4.817541e-01,1.229090e+00,1.320087e+00,1.509349e-01,-2.234627e-01,1.399757e-01,1.646666e-01,5.806965e-01,-1.057484e-01,-4.288435e-03,-5.165958e-03,-1.041183e-01,-2.732913e-01,-1.970883e-01,-4.970076e-02,-2.667308e-03,-1.687368e-02,-8.826154e-03,-2.109549e-02,-1.753761e-02,1.366204e-02,1.314983e-02,1.270041e-02,1.318240e-03,0,-6.649403e-02,0,0,0,0,0,0,0,0
393,3.930000,1.577575e-01,-3.520115e+01,-1.139189e+01,3.046717e+00,-2.066144e+01,-2.002773e+01,-1.813015e+00,8.636512e+00,2.000702e+01,-4.301616e+00,4.550310e+00,-2.419952e+00,1.101926e+01,-9.839482e+00,3.007825e-01,-7.869673e+00,-5.868762e+00,-3.597503e+00,-2.706561e+00,-3.717736e+00,-4.826246e+00,-4.064480e+00,-3.344889e+00,-2.240174e+00,3.174467e-01,5.022621e-01,6.816616e-01,1.143118e+00,1.424223e+00,1.590264e+00,1.895071e+00,2.587287e+00,2.392764e+02,4.370959e-01,1.160633e-02,3.897285e-01,-5.615929e-01,1.371143e+00,2.446289e-01,-8.974603e-01,9.434327e-01,-7.997991e-01,-2.800080e+00,-1.142506e+00,-5.743611e-01,-6.445390e-01,1.138283e+00,-1.281951e+00,-1.321884e+00,-4.612382e-01,1.235813e-01,-2.513952e-02,-6.939793e-02,3.332512e-02,-7.518749e-02,-4.034753e-02,1.738463e-01,1.622902e-01,-1.881570e-02,5.237991e-03,-7.838404e-03,-1.828642e-02,2.577543e-03,5.276859e-03,2.965620e-02,-1.502309e-02,0,-1.135037e-01,0,0,0,0,0,0,0,0
394,3.940000,1.921661e-01,-3.504983e+01,-1.175235e+01,3.647885e+00,-2.065160e+01,-1.993111e+01,2.520600e+00,6.508841e+00,1.573778e+01,-8.832776e+00,1.435205e+00,-8.339494e-01,1.425499e+01,-1.212652e+01,-4.260277e+00,-1.152408e+01,-5.749493e+00,-3.776841e+00,-2.820976e+00,-3.314716e+00,-4.895004e+00,-4.206737e+00,-3.156142e+00,-2.065238e+00,3.144199e-01,5.353304e-01,6.893522e-01,1.087873e+00,1.440624e+00,1.591348e+00,1.970313e+00,2.664842e+00,2.392764e+02,4.081046e-01,1.031689e-03,9.537029e-01,-1.685491e+00,1.532355e+00,7.360640e-01,1.991346e-01,1.759213e+00,-2.098023e+00,-2.902117e+00,-1.084293e+00,-2.117593e+00,-1.535568e+00,2.437621e+00,-2.288645e+00,-6.848542e-01,-1.347075e+00,1.778848e-01,-9.866512e-02,-1.083420e-01,8.913855e-02,7.867236e-02,4.258840e-02,3.934427e-01,3.750358e-01,-9.578523e-03,1.351299e-02,1.247972e-03,-1.428375e-02,-9.468603e-03,-6.697380e-03,1.271864e-02,-3.414166e-02,0,-1.153177e-01,0,0,0,0,0,0,0,0
395,3.950000,1.751669e-01,-3.347963e+01,-1.472125e+01,4.219656e+00,-1.808193e+01,-1.906692e+01,3.983203e+00,5.214281e+00,1.399870e+01,-7.974739e+00,1.343561e-01,-5.016371e+00,1.502158e+01,-1.516447e+01,-5.109548e+00,-1.547972e+01,-5.544718e+00,-3.906797e+00,-2.957092e+00,-3.299028e+00,-4.593676e+00,-3.906615e+00,-2.555395e+00,-1.567048e+00,3.197837e-01,5.571289e-01,7.058962e-01,1.077123e+00,1.392213e+00,1.584317e+00,1.892839e+00,2.474504e+00,2.392764e+02,1.939434e-01,6.926104e-03,1.369419e+00,-2.817805e+00,1.703426e+00,9.391699e-01,4.957529e-01,2.001059e+00,-2.519123e+00,-8.200401e-01,5.189447e-02,-2.606896e+00,-2.975688e+00,2.147456e+00,-2.371423e+00,1.259207e+00,-3.013330e-01,1.450136e-01,-1.509192e-01,-1.042875e-01,-5.938363e-03,1.872463e-01,1.292010e-01,5.698571e-01,5.805677e-01,-1.281488e-03,1.158767e-02,1.159057e-02,1.113051e-02,-1.638434e-02,-5.535805e-03,-1.180265e-02,-4.162812e-02,-2.964844e-01,-6.161221e-02,0,0,0,0,1.476583e+01,0,0,2.692638e-03
396,3.960000,1.841234e-01,-3.174191e+01,-1.848403e+01,7.333645e+00,-1.742159e+01,-1.648520e+01,5.331760e+00,1.560604e+00,1.517271e+01,-8.104159e+00,-3.550491e+00,-7.698241e+00,1.817913e+01,-1.690655e+01,-1.408766e+00,-1.307400e+01,-5.347187e+00,-4.130683e+00,-3.112640e+00,-3.401112e+00,-4.322943e+00,-3.740084e+00,-1.967746e+00,-7.532189e-01,3.093683e-01,5.536436e-01,7.078114e-01,1.107709e+00,1.379793e+00,1.544330e+00,1.819032e+00,2.466494e+00,2.392764e+02,1.939434e-01,-1.561403e-03,1.486270e+00,-2.475977e+00,2.132759e+00,3.933641e-01,-7.206739e-01,1.803028e+00,-1.858255e+00,4.374569e-01,1.458123e+00,-2.789963e+00,-3.359292e+00,8.139781e-01,-2.710131e+00,3.273026e+00,2.053252e+00,1.610053e-01,-2.741489e-02,2.322674e-02,-8.544330e-02,1.315507e-01,1.006152e-01,6.193584e-01,5.839638e-01,5.435494e-03,-2.971399e-03,5.096328e-03,2.681167e-02,-1.145098e-02,-4.485500e-03,-1.098413e-02,-2.894285e-02,-8.742218e-01,2.055573e-02,0,0,0,0,3.727195e+01,5.277154e-04,0,1.246037e-02
397,3.970000,1.964094e-01,-3.000802e+01,-2.211507e+01,9.720965e+00,-1.758059e+01,-1.927192e+01,6.786697e+00,-1.484984e+00,1.618936e+01,-4.406452e+00,-5.991320e+00,-1.386625e+01,1.979447e+01,-1.930658e+01,5.171061e+00,-8.601378e+00,-5.344847e+00,-4.175178e+00,-3.082167e+00,-3.704230e+00,-4.176044e+00,-3.651801e+00,-1.089801e+00,6.654958e-03,3.135651e-01,5.510437e-01,7.303849e-01,1.188852e+00,1.372716e+00,1.586094e+00,1.911699e+00,2.478320e+00,2.377939e+02,2.361154e-01,-2.965970e-03,1.056751e+00,-4.509300e-01,1.511709e+00,5.489691e-01,-2.202925e+00,1.626568e+00,-1.685150e-01,-5.336472e-01,1.941465e-01,-2.360526e+00,-2.834695e+00,-1.438294e+00,-2.974304e+00,1.829810e+00,2.281974e+00,2.765887e-01,1.112326e-01,1.477280e-01,-1.802578e-02,-2.286181e-02,5.111999e-02,4.484496e-01,2.784104e-01,6.238106e-03,-9.502011e-03,-2.162314e-03,1.623198e-02,9.011412e-03,3.525853e-03,2.405252e-02,1.447625e-02,-1.640956e+00,1.393088e-01,7.382912e+01,0,0,1.346319e-02,5.986587e+01,2.022234e-03,1.016658e-03,2.533671e-02
398,3.980000,1.737378e-01,-2.935429e+01,-2.043532e+01,1.156103e+01,-1.893544e+01,-2.343198e+01,1.013399e+01,5.671965e-01,1.682973e+01,-3.326305e+00,-9.451774e+00,-1.320547e+01,1.593844e+01,-2.360612e+01,6.964548e+00,-4.696991e+00,-5.044403e+00,-3.779725e+00,-2.642305e+00,-3.539332e+00,-4.446066e+00,-3.831068e+00,-7.921467e-01,6.772890e-02,3.447066e-01,5.235159e-01,7.025895e-01,1.166067e+00,1.393117e+00,1.568032e+00,1.905963e+00,2.518220e+00,2.356465e+02,4.897972e-01,1.049679e-02,6.622505e-01,2.111854e+00,4.880694e-01,1.855546e+00,-2.868796e+00,2.676767e-01,2.234138e+00,-3.003662e+00,-2.230201e+00,-3.509980e-01,-1.885596e+00,-3.801696e+00,-2.293390e+00,-1.765888e+00,2.768650e-01,5.126688e-01,2.936009e-01,2.115426e-01,1.005472e-01,-1.440479e-01,1.264617e-01,1.572482e-01,-1.447569e-01,2.173162e-03,-1.243872e-02,-1.097544e-02,-1.198447e-02,1.632011e-02,5.433297e-03,2.796781e-03,-8.812427e-04,-2.163397e+00,1.655015e-01,1.494452e+02,2.638577e-03,0,5.557027e-02,6.007632e+01,3.601335e-03,2.621247e-03,2.931981e-02
399,3.990000,1.655298e-01,-2.938969e+01,-1.600025e+01,9.664511e+00,-1.458016e+01,-2.660815e+01,9.714928e+00,4.868410e+00,1.050195e+01,-9.392933e+00,-8.717629e+00,-1.643623e+01,8.950455e+00,-2.668620e+01,-1.471535e-01,-8.258359e+00,-4.313167e+00,-3.526114e+00,-2.453619e+00,-3.320047e+00,-4.646423e+00,-3.605523e+00,-9.009468e-01,-5.854702e-01,3.333050e-01,5.246827e-01,6.976956e-01,1.129104e+00,1.430608e+00,1.590095e+00,1.969637e+00,2.521023e+00,2.328865e+02,7.425607e-01,1.331848e-02,5.049196e-01,3.735639e+00,-4.937114e-01,3.535245e+00,-1.979574e+00,-2.822186e+00,2.645980e+00,-5.646594e+00,-5.507640e+00,2.171607e+00,-7.768761e-01,-5.263833e+00,1.155106e-01,-4.822927e+00,-2.336804e+00,7.406411e-01,4.141998e-01,1.416856e-01,1.592957e-01,-1.177642e-01,3.307335e-01,-1.227450e-01,-4.286036e-01,-1.431379e-02,-1.730586e-02,-1.636303e-02,-3.426964e-02,1.954188e-02,-8.361578e-04,-3.230540e-02,-3.368824e-02,-2.267967e+00,1.358382e-01,2.246067e+02,8.791883e-03,5.083290e-03,9.889841e-02,3.729771e+01,3.744872e-03,3.686476e-03,3.459713e-02
400,4.000000,2.520472e-01,-2.873982e+01,-1.098217e+01,9.802219e+00,-9.644084e+00,-2.716106e+01,5.206028e+00,9.554595e+00,2.998104e+00,-1.676192e+01,-3.942327e+00,-1.584123e+01,4.592662e+00,-2.468369e+01,-7.579098e+00,-1.186118e+01,-3.299682e+00,-2.987211e+00,-2.369201e+00,-3.090467e+00,-4.807993e+00,-3.130915e+00,-1.275932e+00,-1.180941e+00,3.103641e-01,5.046306e-01,6.692788e-01,1.077661e+00,1.432448e+00,1.569496e+00,1.804047e+00,2.440737e+00,2.309131e+02,7.682285e-01,1.407772e-02,6.265717e-01,3.368626e+00,-1.350450e+00,4.833463e+00,8.278294e-02,-5.441435e+00,1.090185e+00,-5.241747e+00,-7.149980e+00,3.258838e+00,-6.213352e-01,-5.258813e+00,2.790449e+00,-4.722576e+00,-3.601846e+00,7.578994e-01,3.763233e-01,1.913595e-03,8.630376e-02,1.048275e-01,5.486585e-01,-2.246925e-01,-4.099523e-01,-2.570888e-02,-1.844520e-02,9.030104e-04,-9.083152e-03,1.193683e-02,2.237773e-03,-5.396754e-02,-5.383782e-02,-2.204260e+00,6.214808e-02,2.249928e+02,1.361074e-02,1.056459e-02,1.038814e-01,1.393863e+01,2.978783e-03,3.622861e-03,2.134270e-02
401,4.010000,2.238471e-01,-2.779066e+01,-8.163451e+00,8.131812e+00,-4.550046e+00,-2.730525e+01,-4.860253e+00,7.251217e+00,-5.127798e+00,-2.522684e+01,2.111994e+00,-1.643275e+01,-8.518050e-01,-1.819025e+01,-1.167175e+01,-1.670330e+01,-2.514001e+00,-2.500436e+00,-2.510291e+00,-3.132184e+00,-4.583902e+00,-2.348210e+00,-1.461633e+00,-1.512028e+00,2.591674e-01,4.739572e-01,6.652251e-01,1.061707e+00,1.450760e+00,1.581181e+00,1.801130e+00,2.348620e+00,2.288208e+02,7.760909e-01,-8.638203e-06,5.030979e-01,2.210036e+00,-1.841352e+00,3.536788e+00,2.975726e+00,-4.867409e+00,-1.444564e+00,-2.566282e+00,-5.950982e+00,2.330318e+00,-3.585185e-01,-5.453094e+00,2.650376e+00,-2.272892e+00,-2.881402e+00,5.643436e-01,2.002594e-01,-7.436700e-02,3.923309e-02,3.169387e-01,4.747949e-01,-3.014388e-01,-2.563244e-01,-2.596289e-02,-1.520767e-02,2.076719e-02,1.418576e-02,3.681481e-03,-1.656699e-03,-4.118005e-02,-3.342147e-02,-2.063014e+00,1.009302e-02,2.225439e+02,1.323828e-02,1.315008e-02,1.622933e-01,-1.639276e+00,5.854041e-04,2.625795e-03,2.507981e-02
402,4.020000,2.149678e-01,-2.702094e+01,-7.510594e+00,5.575126e+00,2.168186e-01,-2.266952e+01,-9.785592e+00,4.826716e+00,-1.564128e+00,-3.115925e+01,1.427606e+00,-1.631389e+01,-5.454497e+00,-1.390186e+01,-1.088603e+01,-1.848375e+01,-2.154489e+00,-2.410948e+00,-2.604401e+00,-3.201744e+00,-3.953189e+00,-1.716432e+00,-1.635266e+00,-1.518754e+00,2.532310e-01,4.566527e-01,7.233398e-01,1.154349e+00,1.442725e+00,1.583678e+00,1.720378e+00,2.335232e+00,2.266580e+02,7.837725e-01,-1.097999e-02,-1.815853e-01,1.141988e+00,-1.812867e+00,9.094837e-01,5.009981e+00,-1.416256e+00,-1.992569e+00,9.778064e-01,-2.994510e+00,-2.063443e-01,-8.210222e-01,-5.418200e+00,-1.570348e+00,-5.191031e-01,-1.783591e+00,2.939388e-01,-7.489023e-02,-7.854705e-02,1.437445e-02,3.311089e-01,1.241226e-01,-3.929063e-01,-1.830521e-01,-2.072025e-02,-1.355833e-03,3.304183e-02,2.298598e-02,2.811027e-03,-2.053547e-03,1.296676e-02,4.307602e-02,-1.952452e+00,3.960985e-03,2.201698e+02,1.530930e-02,1.408091e-02,1.305863e-01,-1.620785e+00,-8.357574e-04,1.209061e-03,2.015486e-02
403,4.030000,1.840263e-01,-2.773364e+01,-6.685865e+00,2.571297e+00,-1.826668e+00,-1.397530e+01,-7.126307e+00,9.531339e-03,-4.834488e-02,-3.194918e+01,2.489949e-01,-1.799249e+01,-1.329144e+01,-1.882524e+01,-9.858144e+00,-1.935409e+01,-2.064045e+00,-2.812948e+00,-2.707854e+00,-3.068243e+00,-3.489132e+00,-1.938790e+00,-2.228474e+00,-1.698186e+00,2.320571e-01,4.726333e-01,7.745010e-01,1.161688e+00,1.443877e+00,1.574721e+00,1.805570e+00,2.406668e+00,2.246990e+02,7.852538e-01,-4.733503e-05,-9.858314e-01,6.306727e-01,-7.086779e-01,-1.976161e+00,5.227239e+00,2.576399e+00,-5.785252e-01,2.842454e+00,1.035920e+00,-1.140550e+00,-1.088367e+00,-5.533781e+00,-6.636357e+00,-1.071231e+00,-1.730683e+00,1.022092e-01,-2.234912e-01,-3.930354e-02,8.137870e-03,9.676824e-02,-3.091623e-01,-4.765550e-01,-1.874021e-01,-1.228938e-02,6.927994e-03,1.860372e-02,-1.319575e-03,-4.669309e-04,-6.374192e-03,2.720808e-02,8.540814e-02,-1.747374e+00,1.239330e-03,2.188219e+02,1.086962e-02,1.645411e-02,2.109450e-01,-1.132135e+00,-2.264064e-03,-7.424651e-04,1.199102e-02
404,4.040000,2.170576e-01,-2.967626e+01,-6.011028e+00,3.518142e+00,-6.458354e+00,-8.776131e+00,-7.422269e-01,3.212594e+00,5.347410e+00,-2.837330e+01,-4.042549e+00,-1.916646e+01,-1.627852e+01,-3.221793e+01,-1.108142e+01,-1.945374e+01,-2.054966e+00,-3.205406e+00,-2.663155e+00,-3.050566e+00,-3.699834e+00,-2.715011e+00,-2.857044e+00,-2.003123e+00,2.203180e-01,4.985133e-01,7.798500e-01,1.142600e+00,1.449945e+00,1.562459e+00,1.866660e+00,2.627093e+00,2.232117e+02,7.834520e-01,1.460522e-02,-1.430051e+00,5.663367e-01,6.033455e-01,-3.139216e+00,3.433182e+00,3.659351e+00,1.158712e+00,1.850376e+00,2.983175e+00,-5.297768e-01,-1.034313e+00,-5.163646e+00,-7.908632e+00,-1.725870e+00,-1.989155e+00,3.660455e-02,-2.251509e-01,-3.701248e-02,-4.541171e-02,-1.884223e-01,-5.063951e-01,-4.455703e-01,-2.308683e-01,-1.227327e-02,-3.049380e-03,-6.114298e-03,-3.907079e-02,-6.129074e-03,-7.526088e-03,1.458917e-02,1.912341e-02,-1.579419e+00,-1.175368e-03,2.187499e+02,1.061628e-02,1.495789e-02,1.803298e-01,-1.075568e+00,-2.581636e-03,-3.319845e-03,1.286688e-03
405,4.050000,2.225655e-01,-3.139216e+01,-5.759871e+00,5.616914e+00,-1.109326e+01,-8.115744e+00,3.500059e+00,5.165653e+00,5.628704e+00,-2.144022e+01,-8.556776e-01,-2.044830e+01,-2.310870e+01,-4.221399e+01,-1.693021e+01,-2.487172e+01,-2.052716e+00,-3.220663e+00,-2.677432e+00,-3.167084e+00,-4.226738e+00,-3.394732e+00,-3.233519e+00,-2.206854e+00,2.141770e-01,4.876668e-01,7.299886e-01,1.060984e+00,1.444816e+00,1.559920e+00,1.864029e+00,2.629730e+00,2.218071e+02,7.824478e-01,1.964502e-02,-1.205184e+00,3.654115e-01,9.405180e-01,-1.944412e+00,2.035548e+00,2.644651e+00,1.045933e+00,5.549110e-01,2.470547e+00,6.934611e-01,-4.741558e-01,-3.256758e+00,-4.654389e+00,-1.981447e+00,-2.192684e+00,1.378292e-02,-1.686976e-01,-9.575178e-02,-7.465799e-02,-2.367718e-01,-3.921163e-01,-3.068844e-01,-1.814289e-01,-8.748429e-03,-1.051361e-02,-1.437706e-02,-4.187848e-02,-1.407543e-02,-4.154384e-03,-2.556502e-02,-4.776917e-02,-1.594692e+00,-1.794624e-03,2.175932e+02,4.264470e-03,8.999271e-03,1.973766e-01,-1.640509e+00,-3.848826e-04,-3.933570e-03,-2.362225e-02
406,4.060000,2.687243e-01,-3.234194e+01,-5.141908e+00,7.069045e+00,-1.084596e+01,-8.433381e+00,3.197981e+00,8.042216e+00,4.849226e+00,-2.149786e+01,-6.689416e-01,-2.025755e+01,-2.636410e+01,-4.175064e+01,-1.597935e+01,-2.567071e+01,-1.977130e+00,-3.332845e+00,-2.804674e+00,-3.379382e+00,-4.526497e+00,-3.520437e+00,-3.360595e+00,-2.418761e+00,2.008047e-01,4.338891e-01,7.150245e-01,1.009348e+00,1.411610e+00,1.553448e+00,1.764095e+00,2.319318e+00,2.202069e+02,7.792986e-01,3.055672e-02,-5.484003e-01,2.394460e-01,2.470784e-01,-3.900933e-01,1.931675e+00,1.087548e+00,-1.073443e+00,-9.723517e-01,8.938242e-01,1.166679e+00,-3.461510e-01,-1.014611e+00,8.879242e-02,9.338780e-02,-9.520033e-01,-2.431727e-03,-1.666870e-01,-1.508213e-01,-4.496036e-02,-5.466027e-02,-1.713976e-01,-1.601092e-01,-8.928051e-02,-7.209715e-03,-9.303039e-03,-1.251101e-05,-3.148186e-02,-1.997987e-02,-3.309643e-03,-4.189441e-02,-8.951435e-02,-1.737042e+00,-8.156002e-04,2.154063e+02,5.703693e-03,1.209100e-03,1.438040e-01,-2.164072e+00,2.594853e-03,-2.450838e-03,-2.080541e-02
407,4.070000,2.564180e-01,-3.242671e+01,-5.293368e+00,5.498435e+00,-9.354926e+00,-3.968936e+00,4.126842e+00,2.824386e+00,2.975302e+00,-2.303417e+01,2.029496e+00,-1.981773e+01,-2.453244e+01,-3.733083e+01,-1.731641e+01,-2.720902e+01,-2.034049e+00,-3.592717e+00,-3.115853e+00,-3.277124e+00,-4.259659e+00,-3.496659e+00,-3.511121e+00,-2.397511e+00,1.980716e-01,4.523773e-01,7.350284e-01,1.018922e+00,1.392667e+00,1.558454e+00,1.729028e+00,2.321710e+00,2.182280e+02,7.783573e-01,2.657196e-02,5.556545e-02,-3.431063e-02,-6.089141e-01,8.826831e-01,2.992684e+00,6.141915e-01,-2.941961e+00,-1.112370e+00,1.140013e-01,-3.241678e-01,-8.987131e-01,1.543595e+00,3.082645e+00,2.815743e+00,6.050701e-01,-1.197861e-02,-2.061678e-01,-1.646461e-01,1.557293e-02,2.006606e-01,-2.056861e-02,-4.843950e-02,-9.759689e-03,-4.439190e-03,8.973410e-03,1.941451e-02,-5.803990e-03,-1.757076e-02,-4.693556e-03,-3.015249e-02,-8.145857e-03,-1.785761e+00,3.127217e-04,2.122911e+02,1.140150e-02,3.660648e-03,1.110967e-01,-1.931905e+00,5.062638e-03,8.555984e-04,-2.181745e-02
408,4.080000,3.529149e-01,-3.190098e+01,-5.047050e+00,4.812773e+00,-9.277990e+00,-1.191160e+00,4.382124e+00,-9.839876e-01,1.812352e+00,-2.310721e+01,3.482594e-01,-2.121250e+01,-2.063970e+01,-3.421555e+01,-1.042138e+01,-2.304511e+01,-2.076459e+00,-3.852814e+00,-3.198050e+00,-3.220347e+00,-3.956675e+00,-3.521035e+00,-3.518789e+00,-2.354197e+00,1.923221e-01,4.696429e-01,7.772675e-01,1.006222e+00,1.376120e+00,1.546643e+00,1.724689e+00,2.333532e+00,2.163161e+02,7.814192e-01,2.313119e-02,5.768442e-01,-2.894707e-02,-1.074517e+00,4.991055e-03,3.139999e+00,8.801405e-01,-3.883557e+00,-7.779233e-01,7.459934e-01,-1.561441e+00,-8.573467e-01,2.122874e+00,3.480382e+00,4.510372e+00,1.191485e+00,-1.746454e-02,-1.300180e-01,-4.074392e-02,1.299058e-01,3.532185e-01,1.253693e-02,8.961487e-03,5.284335e-02,-1.865919e-03,2.105168e-02,1.999822e-02,3.812015e-03,-1.505754e-02,-1.066488e-02,-1.667411e-02,3.819675e-02,-1.596207e+00,4.106599e-03,2.105806e+02,2.002203e-02,5.373007e-03,1.194427e-01,-1.027551e+00,4.888539e-03,2.048565e-03,-1.350988e-02
409,4.090000,3.133300e-01,-3.133481e+01,-5.978853e+00,3.700480e+00,-7.463835e+00,3.226566e+00,5.978945e+00,-5.031047e+00,1.585291e+00,-2.006553e+01,-2.985117e+00,-2.446439e+01,-1.825292e+01,-3.056831e+01,-5.630483e+00,-2.315917e+01,-2.062945e+00,-3.991517e+00,-3.303975e+00,-3.168737e+00,-3.508347e+00,-3.497275e+00,-3.396620e+00,-2.287934e+00,1.962224e-01,5.146570e-01,7.959396e-01,1.033527e+00,1.374707e+00,1.539854e+00,1.732970e+00,2.581894e+00,2.148237e+02,7.829511e-01,7.038221e-03,9.635838e-01,5.071923e-01,-1.473513e+00,-2.203068e+00,2.072623e+00,1.823419e+00,-2.849060e+00,-3.474302e-01,1.567200e+00,-1.392033e+00,-3.840387e-01,1.264631e+00,3.222257e+00,4.839161e+00,1.317020e+00,-2.659750e-02,4.767516e-02,2.107983e-01,3.145152e-01,4.353693e-01,-2.606869e-02,1.353712e-02,6.315551e-02,8.539030e-03,1.804507e-02,9.673429e-03,-5.855024e-03,-2.001849e-02,-5.829108e-03,8.641100e-03,1.848879e-02,-1.148990e+00,8.549613e-03,2.103465e+02,2.241849e-02,1.119531e-02,1.004700e-01,1.926407e-01,1.202577e-03,2.481780e-03,-1.265840e-02
410,4.100000,3.559243e-01,-3.000367e+01,-4.943901e+00,2.595436e+00,-1.176655e+01,3.668862e+00,6.672632e+00,-7.447853e+00,1.654615e+00,-1.925221e+01,-5.968842e+00,-2.222096e+01,-1.888949e+01,-2.772998e+01,7.295472e-01,-2.173821e+01,-2.050005e+00,-3.783535e+00,-2.914333e+00,-2.784047e+00,-3.136061e+00,-3.457444e+00,-3.373038e+00,-2.209332e+00,1.923998e-01,5.080076e-01,7.845600e-01,1.021105e+00,1.345302e+00,1.509424e+00,1.678753e+00,2.380209e+00,2.139280e+02,7.975347e-01,-5.676770e-03,1.316620e+00,1.168903e+00,-2.911012e+00,-4.780838e+00,5.294479e-01,2.984173e+00,-2.051207e+00,-5.544499e-01,1.564105e+00,8.025919e-02,1.483723e-01,2.863228e-01,3.401873e+00,2.492839e+00,1.018495e+00,-9.263112e-02,2.287622e-01,5.055819e-01,5.932964e-01,5.531880e-01,-4.928374e-02,-1.594872e-02,6.150370e-02,2.896844e-02,1.734415e-02,-1.063907e-03,-1.147543e-02,-2.224444e-02,7.371032e-03,5.552799e-02,5.553913e-03,-6.034333e-01,1.335602e-02,2.112408e+02,2.463789e-02,7.684592e-03,8.156793e-02,1.033218e+00,-1.675709e-03,1.578889e-03,-3.312652e-03
411,4.110000,2.901045e-01,-2.855745e+01,-2.808981e+00,-7.604604e-01,-1.912599e+01,3.964169e+00,1.209868e+01,-8.188982e+00,1.317019e+00,-1.712567e+01,-1.772117e+00,-2.123370e+01,-1.908439e+01,-2.446233e+01,1.303930e+00,-2.127737e+01,-2.180263e+00,-3.388981e+00,-2.203720e+00,-1.922699e+00,-2.493120e+00,-3.658798e+00,-3.516311e+00,-2.154165e+00,2.407279e-01,5.234203e-01,7.797493e-01,9.822053e-01,1.307983e+00,1.547918e+00,1.795201e+00,2.390815e+00,2.136770e+02,8.130476e-01,-4.301241e-03,1.535826e+00,1.470368e+00,-4.495458e+00,-6.040896e+00,-1.050136e+00,3.170509e+00,-2.065380e+00,-1.780773e+00,1.604554e+00,1.860544e+00,-6.616310e-01,-1.714441e-01,3.193150e+00,2.936256e-01,1.059867e+00,-1.817379e-01,3.292770e-01,6.592013e-01,7.847434e-01,6.763768e-01,-3.938875e-02,2.634263e-03,4.669204e-02,5.095663e-02,1.923693e-02,4.985076e-03,-1.899847e-02,-2.805478e-02,2.284596e-02,8.943561e-02,1.754265e-02,-9.544373e-02,1.550358e-02,2.129241e+02,1.510645e-02,1.491376e-02,6.674208e-02,1.428543e+00,-4.090904e-03,1.306359e-03,5.998515e-03
412,4.120000,3.361439e-01,-2.670656e+01,-7.874727e-01,-7.511819e+00,-2.735110e+01,1.087278e+00,1.624312e+01,-9.661057e+00,-8.257621e-01,-1.675661e+01,1.430552e-01,-2.208599e+01,-1.879235e+01,-2.025918e+01,-1.424391e+00,-1.889353e+01,-2.480955e+00,-3.010271e+00,-1.220268e+00,-8.768839e-01,-1.698349e+00,-3.686692e+00,-3.538687e+00,-2.113563e+00,3.149116e-01,5.519819e-01,7.800431e-01,9.745056e-01,1.298260e+00,1.579466e+00,1.971213e+00,2.456841e+00,2.138722e+02,8.331510e-01,1.481056e-04,1.455756e+00,9.533307e-01,-5.636293e+00,-4.525777e+00,-1.217892e+00,2.110635e+00,-2.749422e+00,-3.039404e+00,2.414211e+00,2.623299e+00,-1.342231e+00,6.110096e-01,2.877635e+00,-2.136372e+00,5.814541e-01,-2.650158e-01,3.315667e-01,5.509299e-01,7.710302e-01,7.409663e-01,5.622351e-02,8.469649e-02,3.711104e-03,6.115303e-02,2.869530e-02,1.480551e-02,-1.260262e-02,-3.053064e-02,2.062575e-02,8.285401e-02,7.057929e-02,2.787598e-01,1.240600e-02,2.144578e+02,1.529950e-02,1.140823e-02,1.197434e-01,1.401387e+00,-4.079924e-03,2.377016e-04,1.229343e-02
413,4.130000,3.017140e-01,-2.530424e+01,-7.052276e-01,-1.372318e+01,-2.987604e+01,-7.333205e-01,1.704624e+01,-1.425135e+01,-6.078384e+00,-1.329056e+01,3.261657e+00,-2.784003e+01,-1.915871e+01,-1.833797e+01,-3.085386e+00,-1.928217e+01,-2.756160e+00,-2.731764e+00,-8.550007e-01,-1.986013e-01,-8.453191e-01,-3.579595e+00,-3.300624e+00,-2.102359e+00,3.897496e-01,5.888545e-01,8.231235e-01,9.618344e-01,1.257954e+00,1.619063e+00,2.033918e+00,2.631292e+00,2.143743e+02,8.426608e-01,-6.926707e-03,1.224040e+00,3.064541e-01,-5.349718e+00,-2.042438e+00,-3.434476e-01,-5.502011e-01,-3.537339e+00,-2.919223e+00,3.327757e+00,2.670049e+00,-8.349489e-01,1.151618e+00,1.470031e+00,-3.481481e+00,8.477783e-03,-2.568654e-01,3.166485e-01,2.808465e-01,5.776610e-01,6.788223e-01,1.980711e-01,1.382906e-01,-3.736029e-02,4.886963e-02,2.842728e-02,2.096139e-02,-4.405641e-03,-3.514614e-02,-3.263271e-03,2.117475e-02,5.748217e-02,5.008529e-01,6.058967e-03,2.158807e+02,6.633169e-03,1.586529e-02,1.113748e-01,1.167137e+00,-2.467200e-03,-1.939521e-03,-3.076744e-03
414,4.140000,3.508600e-01,-2.435150e+01,-1.229124e+00,-1.910467e+01,-2.902041e+01,-7.185475e-02,1.475203e+01,-1.816378e+01,-9.844704e+00,-9.098706e+00,4.630765e+00,-2.562894e+01,-1.579728e+01,-1.640399e+01,-7.757652e+00,-1.982854e+01,-3.087136e+00,-2.454310e+00,-8.340435e-01,2.090555e-01,-2.551295e-01,-3.215928e+00,-3.057399e+00,-2.216680e+00,4.236541e-01,6.187671e-01,8.369005e-01,9.682775e-01,1.217663e+00,1.576980e+00,1.973665e+00,2.612867e+00,2.149731e+02,8.447581e-01,-3.150735e-02,9.174782e-01,-1.670085e-01,-3.795202e+00,-3.745270e-02,1.770674e+00,-1.878694e+00,-3.231471e+00,-1.912129e+00,3.273214e+00,1.957433e+00,2.618219e-01,2.503860e+00,7.785120e-01,-3.387091e+00,-8.306351e-02,-1.781960e-01,2.212975e-01,2.995040e-02,3.582007e-01,5.304825e-01,2.642449e-01,1.112300e-01,-4.826178e-02,2.595099e-02,2.315836e-02,1.636327e-02,-6.505370e-04,-4.288227e-02,-3.113964e-02,-4.056469e-02,-1.118553e-02,6.344070e-01,-1.603836e-03,2.167695e+02,8.474911e-03,8.397334e-03,1.207187e-01,1.035059e+00,-2.078741e-03,-2.526082e-03,-1.771420e-02
415,4.150000,2.481129e-01,-2.361478e+01,-1.055885e+00,-2.171263e+01,-2.850352e+01,2.826497e+00,1.009322e+01,-2.162431e+01,-8.769625e+00,-4.315834e+00,9.334273e+00,-2.363696e+01,-1.482384e+01,-1.903977e+01,-1.293684e+01,-2.076748e+01,-3.161500e+00,-2.083719e+00,-9.926003e-01,4.226369e-01,1.793824e-01,-2.903825e+00,-3.065502e+00,-2.289408e+00,4.307048e-01,6.321642e-01,8.561276e-01,9.632912e-01,1.172551e+00,1.532845e+00,1.899849e+00,2.600213e+00,2.156309e+02,8.375390e-01,-2.696047e-02,6.540731e-01,-2.935329e-01,-1.940816e+00,8.274244e-01,3.565373e+00,-1.501945e+00,-1.865792e+00,-2.196333e-01,1.366820e+00,-1.055929e-01,1.062400e+00,3.839143e+00,8.286711e-01,-1.834540e+00,7.846544e-01,-5.635059e-02,3.594117e-02,-6.566604e-02,1.903878e-01,3.269446e-01,2.733527e-01,3.541720e-02,-1.876047e-02,2.788865e-03,1.574382e-02,2.126533e-03,3.543264e-03,-4.044867e-02,-4.676896e-02,-7.883278e-02,-9.500177e-02,7.738037e-01,-6.100965e-03,2.176040e+02,6.182749e-03,6.721601e-03,5.087071e-02,1.191994e+00,-5.455437e-04,-2.769477e-03,-1.311910e-02
416,4.160000,2.054077e-01,-2.296390e+01,-1.447187e+00,-2.249310e+01,-2.822462e+01,8.160740e+00,1.032616e+01,-2.213193e+01,-9.040789e+00,-4.877905e+00,6.893912e+00,-2.287841e+01,-8.440491e+00,-1.601572e+01,-1.343412e+01,-1.856620e+01,-3.169265e+00,-2.227806e+00,-1.001717e+00,6.035007e-01,4.417130e-01,-2.703353e+00,-3.100098e+00,-2.261347e+00,4.241889e-01,6.461189e-01,8.453574e-01,9.705245e-01,1.126550e+00,1.466877e+00,1.835424e+00,2.416453e+00,2.164160e+02,8.276928e-01,-2.213764e-03,3.476387e-01,-5.053006e-01,-1.310789e-01,1.270919e+00,3.926166e+00,-9.388876e-02,-4.543932e-01,6.915327e-01,-5.521110e-01,-2.875061e+00,2.653725e-01,4.769777e+00,2.344707e-01,7.661697e-01,1.513334e+00,5.185900e-02,-1.846286e-01,-1.018541e-01,2.585848e-02,1.118546e-01,2.142045e-01,1.880755e-02,3.135085e-02,-6.620112e-03,1.211945e-02,-4.669773e-03,1.110477e-02,-2.249811e-02,-2.405430e-02,-5.733427e-02,-1.039876e-01,9.948105e-01,-9.026247e-03,2.187715e+02,5.131010e-03,3.349663e-03,6.142449e-02,1.657857e+00,-2.942299e-04,-8.472304e-04,-3.272723e-04
417,4.170000,2.396379e-01,-2.272767e+01,-2.063860e+00,-2.173304e+01,-2.613681e+01,1.297725e+01,1.174945e+01,-2.159623e+01,-7.578508e+00,-8.566859e+00,1.602119e+00,-2.390330e+01,-3.641392e+00,-1.438875e+01,-9.419856e+00,-1.599007e+01,-2.996848e+00,-2.665310e+00,-1.099494e+00,5.561153e-01,4.409828e-01,-2.469119e+00,-3.102188e+00,-2.173828e+00,4.034265e-01,6.538977e-01,8.295277e-01,9.784272e-01,1.101268e+00,1.440269e+00,1.708875e+00,2.254490e+00,2.175219e+02,8.206887e-01,4.264054e-02,-9.666310e-02,-6.710092e-01,1.274875e+00,2.220983e+00,2.781464e+00,8.961399e-01,6.928751e-01,1.184433e+00,-1.018344e+00,-4.718345e+00,1.669331e-02,4.843884e+00,4.005333e-01,2.244399e+00,2.621687e+00,7.936712e-02,-3.111230e-01,-1.583534e-01,-1.764392e-01,-1.159826e-01,1.300600e-01,5.632861e-02,4.492228e-02,-9.482032e-03,9.410143e-03,-3.398395e-03,2.010413e-02,6.122327e-03,3.158724e-03,-3.453731e-04,-3.735545e-02,1.280986e+00,-9.646785e-03,2.208397e+02,5.577401e-03,4.541740e-03,7.542647e-02,2.139499e+00,1.498375e-03,-1.015193e-05,2.819920e-02
418,4.180000,3.440287e-01,-2.305686e+01,-3.251639e+00,-1.974986e+01,-2.384917e+01,1.448360e+01,1.345447e+01,-2.044979e+01,-6.982599e+00,-9.733748e+00,-5.878464e+00,-2.416891e+01,2.460379e+00,-1.755715e+01,-5.685297e+00,-1.465057e+01,-2.910167e+00,-3.086657e+00,-1.289867e+00,2.716087e-01,1.733431e-01,-2.362259e+00,-2.945018e+00,-2.117716e+00,4.041927e-01,6.684976e-01,8.268516e-01,1.016233e+00,1.140814e+00,1.502996e+00,1.782481e+00,2.265790e+00,2.190017e+02,8.080520e-01,3.232067e-02,-4.451624e-01,-7.424430e-01,2.468013e+00,2.795364e+00,-1.197403e-01,-3.789883e-01,8.578089e-01,1.847459e+00,1.443968e-01,-4.467376e+00,-1.021599e+00,2.652852e+00,-2.532816e-02,1.205267e+00,2.576900e+00,9.586851e-02,-2.154538e-01,-2.118837e-01,-4.130547e-01,-2.979447e-01,4.608493e-02,1.141453e-01,6.657646e-02,-1.147951e-02,-1.425052e-03,2.828276e-03,2.528009e-02,2.739540e-02,2.634950e-02,4.799663e-02,3.934283e-02,1.530200e+00,-1.356184e-02,2.234409e+02,7.306436e-03,5.251113e-03,1.068045e-01,2.277844e+00,2.348682e-03,3.529667e-04,2.817900e-02
419,4.190000,3.920051e-01,-2.405161e+01,-3.508705e+00,-1.670987e+01,-1.958634e+01,1.357238e+01,1.300977e+01,-1.900101e+01,-3.876554e+00,-6.979631e+00,-7.871262e+00,-2.290824e+01,3.945148e+00,-1.626639e+01,-5.589258e+00,-9.616854e+00,-2.894214e+00,-3.209908e+00,-1.640292e+00,-2.936132e-01,-2.663458e-01,-2.424072e+00,-2.861399e+00,-2.136612e+00,3.932928e-01,6.680256e-01,8.483885e-01,1.040957e+00,1.196030e+00,1.530579e+00,1.924594e+00,2.488766e+00,2.207430e+02,7.991254e-01,-1.218259e-02,-7.778824e-01,-7.966582e-01,3.715134e+00,3.126162e+00,-3.181415e+00,-2.325809e+00,7.241331e-01,2.241956e+00,1.461424e+00,-2.838057e+00,-1.710817e+00,2.665516e-01,3.930457e-01,-1.193653e+00,2.301222e+00,8.230655e-02,-4.103744e-02,-2.525229e-01,-6.467843e-01,-4.563088e-01,-7.084131e-02,1.397010e-01,9.080201e-02,-1.774611e-02,-1.921112e-02,9.885532e-03,2.606975e-02,3.524555e-02,2.638751e-02,6.041645e-02,7.152589e-02,1.552988e+00,-2.018268e-02,2.259668e+02,1.258691e-02,5.720117e-03,1.691767e-01,-1.331604e+01,1.395816e-03,-3.588149e-04,1.270941e-02
420,4.200000,2.908275e-01,-2.452774e+01,-4.436979e+00,-1.266462e+01,-1.752304e+01,7.264469e+00,7.801061e+00,-1.914050e+01,-1.654468e+00,-4.949535e+00,-1.070628e+01,-2.848393e+01,1.030500e+00,-1.520354e+01,-9.323082e+00,-8.868308e+00,-2.741239e+00,-3.032776e+00,-1.790737e+00,-1.036909e+00,-6.943462e-01,-2.495452e+00,-2.649766e+00,-1.947073e+00,3.718582e-01,6.319297e-01,8.500684e-01,1.065660e+00,1.216146e+00,1.553470e+00,1.967548e+00,2.496029e+00,2.224565e+02,7.706652e-01,-3.996221e-02,-1.011394e+00,-9.565929e-01,4.520714e+00,2.921175e+00,-5.320569e+00,-3.468601e+00,1.666620e+00,2.971089e+00,1.399067e+00,-8.853749e-01,-2.237407e+00,-8.703697e-01,-2.445809e-01,-2.720761e+00,5.957414e-01,5.120630e-02,5.299883e-02,-2.378051e-01,-7.623690e-01,-5.910147e-01,-1.519532e-01,1.384633e-01,1.114299e-01,-2.516880e-02,-3.859060e-02,7.665205e-03,2.353548e-02,3.273970e-02,1.814291e-02,2.737830e-02,4.807596e-02,1.293465e+00,-2.980447e-02,2.275972e+02,1.336967e-02,4.525308e-03,1.554444e-01,-3.682856e+01,-9.609944e-04,-1.005910e-03,-2.045288e-02
421,4.210000,2.053255e-01,-2.588164e+01,-5.454481e+00,-6.699987e+00,-1.366907e+01,6.797383e-01,2.947113e+00,-1.863021e+01,9.672069e-01,-3.651844e+00,-1.017426e+01,-3.029987e+01,-1.593695e+00,-1.360032e+01,-1.356923e+01,-7.375092e+00,-2.669779e+00,-2.897438e+00,-2.111674e+00,-2.023547e+00,-1.406717e+00,-2.756729e+00,-2.551309e+00,-1.805139e+00,3.308632e-01,5.761260e-01,8.673469e-01,1.084063e+00,1.239830e+00,1.546970e+00,1.918424e+00,2.497000e+00,2.235594e+02,7.384686e-01,-2.218608e-02,-1.414365e+00,-1.471950e+00,4.228081e+00,2.181452e+00,-5.536551e+00,-3.148836e+00,3.573712e+00,3.046209e+00,6.261392e-02,1.552219e-01,-6.205149e-01,-3.333887e-01,-1.427442e+00,-2.075665e+00,-8.330333e-01,-1.413480e-01,-6.311791e-02,-2.495146e-01,-7.239131e-01,-6.941628e-01,-1.897083e-01,8.344557e-02,6.668041e-02,-1.637170e-02,-3.900021e-02,5.139685e-03,2.468427e-02,4.214561e-02,2.114639e-02,-4.624558e-03,2.903712e-02,8.239807e-01,-3.862392e-02,1.521814e+02,9.524867e-03,3.110568e-03,1.146536e-01,-6.033399e+01,-3.451100e-03,-1.443920e-03,-4.619961e-02
422,4.220000,2.375574e-01,-2.719881e+01,-7.061716e+00,-2.151231e+00,-1.220193e+01,-5.672919e+00,1.142789e+00,-1.230209e+01,5.450967e+00,-4.402307e+00,-9.153840e+00,-3.166014e+01,8.779519e-01,-2.011308e+01,-1.529912e+01,-1.279275e+01,-2.766353e+00,-2.977898e+00,-2.243201e+00,-2.675269e+00,-2.211545e+00,-2.955696e+00,-2.407746e+00,-1.726303e+00,3.095635e-01,5.214943e-01,8.556984e-01,1.112358e+00,1.282613e+00,1.585515e+00,1.922457e+00,2.502053e+00,2.240607e+02,6.893581e-01,8.030782e-03,-1.736008e+00,-1.693011e+00,2.635758e+00,5.708873e-01,-5.032690e+00,-1.916592e+00,6.207204e+00,2.985513e+00,-1.936292e+00,1.464864e+00,3.353137e+00,2.002414e+00,-1.365985e+00,1.609639e-01,-7.541746e-01,-4.497715e-01,-1.896632e-01,-1.880933e-01,-4.472881e-01,-7.415257e-01,-1.790635e-01,-1.523399e-02,-3.500345e-02,3.584665e-03,-2.115730e-02,-9.920632e-03,1.942806e-02,5.009911e-02,1.476897e-02,-2.521420e-02,3.451305e-02,3.709793e-01,-3.763620e-02,7.619083e+01,4.032486e-03,1.526339e-03,3.180168e-02,-6.073757e+01,-3.626420e-03,-1.216118e-03,-4.255424e-02
423,4.230000,3.077097e-01,-2.978790e+01,-9.556085e+00,-8.261673e-01,-1.133963e+01,-7.641680e+00,5.947224e-01,-4.551652e+00,7.801771e+00,-6.940176e+00,-7.871370e+00,-2.442271e+01,2.354479e+00,-2.094882e+01,-1.297956e+01,-1.181980e+01,-3.588397e+00,-3.552937e+00,-2.661633e+00,-3.093999e+00,-2.978561e+00,-3.142491e+00,-2.565181e+00,-1.913595e+00,3.425816e-01,5.282422e-01,8.712719e-01,1.141030e+00,1.373525e+00,1.620288e+00,1.924016e+00,2.630940e+00,2.240607e+02,6.466594e-01,3.695030e-03,-1.792995e+00,-1.774668e+00,9.155809e-01,-1.228363e+00,-4.237571e+00,-1.090404e+00,6.899628e+00,1.857214e+00,-4.010016e+00,2.475668e+00,6.705598e+00,2.343064e+00,3.405338e-01,1.837222e+00,4.341748e-01,-6.969230e-01,-2.613244e-01,-1.328974e-01,-1.505993e-01,-6.974902e-01,-1.226236e-01,-1.181661e-01,-7.845847e-02,2.038443e-02,2.732861e-03,-2.877345e-02,7.935977e-03,4.797176e-02,9.898067e-03,-4.488987e-02,7.216143e-03,1.002594e-01,-2.876091e-02,0,0,0,0,-3.805536e+01,-2.308222e-03,-7.747476e-04,-2.611088e-02
424,4.240000,2.797893e-01,-3.125465e+01,-1.085123e+01,-2.422745e+00,-1.583332e+01,-1.373827e+01,-6.057059e-01,4.856246e+00,9.855817e+00,-1.298683e+01,-4.533398e+00,-1.465683e+01,9.068484e+00,-1.835921e+01,-8.813096e+00,-1.041683e+01,-4.530788e+00,-3.653342e+00,-2.456224e+00,-2.738124e+00,-3.616053e+00,-3.197888e+00,-2.719000e+00,-2.067862e+00,3.839223e-01,5.500851e-01,7.985027e-01,1.134317e+00,1.399794e+00,1.590656e+00,1.838680e+00,2.601624e+00,2.240607e+02,6.283888e-01,-3.120235e-02,-1.623610e+00,-1.754340e+00,4.287044e-01,-2.444240e+00,-4.604928e+00,-3.600920e-01,5.031522e+00,1.529213e-01,-3.889829e+00,3.194863e+00,7.638501e+00,1.221094e+00,1.700531e+00,3.139084e+00,1.366370e+00,-7.523347e-01,-1.752251e-01,-9.349024e-02,-2.047524e-02,-6.471804e-01,-1.278313e-01,-9.141450e-02,-2.358729e-02,1.762026e-02,1.387012e-02,-4.108429e-02,-3.794432e-04,4.006856e-02,1.331329e-04,-2.791828e-02,-1.129856e-02,0,-1.206567e-02,0,0,0,0,-1.523816e+01,-8.064971e-04,-3.052679e-04,-6.360336e-03
425,4.250000,2.026847e-01,-3.281870e+01,-1.243306e+01,-1.986326e+00,-1.799519e+01,-1.647544e+01,-1.630658e+00,7.288759e+00,8.050854e+00,-1.940967e+01,-1.061389e-01,-5.273530e+00,6.026360e+00,-1.277459e+01,-7.626130e+00,-6.392178e+00,-5.272176e+00,-3.866338e+00,-2.669650e+00,-2.745116e+00,-4.191914e+00,-3.248751e+00,-2.986513e+00,-2.026652e+00,3.956060e-01,5.754949e-01,7.520775e-01,1.112763e+00,1.421098e+00,1.593891e+00,1.735863e+00,2.483296e+00,2.240607e+02,6.251487e-01,-5.433098e-02,-1.348193e+00,-1.733562e+00,1.135904e+00,-2.118925e+00,-4.091696e+00,1.223532e-01,1.934433e+00,-3.566571e-01,-1.782268e+00,3.288804e+00,4.833252e+00,-1.173480e+00,1.010627e+00,3.010383e+00,6.936415e-01,-5.863401e-01,-9.557519e-02,-1.331346e-01,-1.596112e-01,-5.439259e-01,-1.547537e-01,-2.530551e-02,8.007493e-02,2.271462e-03,2.837270e-03,-3.492055e-02,-6.062520e-03,2.736570e-02,-3.803968e-03,-5.991220e-03,-2.966354e-02,0,3.710467e-03,0,0,0,0,0,0,0,0
426,4.260000,1.340581e-01,-3.380146e+01,-1.439493e+01,5.723711e-01,-2.109535e+01,-2.428068e+01,4.550190e-01,6.935318e+00,6.091033e+00,-1.761671e+01,2.937861e+00,-3.042221e+00,5.147484e+00,-1.569755e+01,-2.280413e+00,-8.674710e+00,-5.686136e+00,-3.697323e+00,-2.706644e+00,-2.952086e+00,-4.840770e+00,-3.541723e+00,-2.654153e+00,-1.787711e+00,3.711526e-01,5.672185e-01,7.098742e-01,1.124594e+00,1.459169e+00,1.599380e+00,1.876943e+00,2.519382e+00,2.240607e+02,6.397851e-01,-4.208841e-02,-1.141652e+00,-1.625536e+00,1.600487e+00,-5.892202e-01,-2.571631e+00,-4.818835e-02,-1.300820e+00,1.622147e-02,1.622514e+00,2.529083e+00,1.213226e+00,-2.318688e+00,-5.100266e-01,2.568932e+00,-6.248116e-02,-3.873083e-01,-6.970365e-02,-2.266292e-01,-3.961933e-01,-3.534221e-01,-1.770326e-01,4.365234e-02,1.137916e-01,-5.530906e-03,-1.217738e-02,-1.017094e-04,2.244580e-03,1.921611e-02,-2.848864e-04,2.004017e-02,-2.752233e-02,0,1.382561e-02,0,0,0,0,0,0,0,0
427,4.270000,1.089204e-01,-3.525546e+01,-1.645205e+01,3.355796e+00,-1.930324e+01,-2.282895e+01,6.761260e-01,4.080977e+00,7.900877e+00,-1.353658e+01,4.837019e+00,-6.063755e+00,-1.552419e+00,-1.722653e+01,-1.193989e+00,-9.222651e+00,-5.942423e+00,-4.008822e+00,-3.202096e+00,-3.785073e+00,-5.085831e+00,-3.744342e+00,-2.724132e+00,-1.653296e+00,3.603238e-01,5.338618e-01,7.409834e-01,1.115578e+00,1.480666e+00,1.596906e+00,1.874929e+00,2.523743e+00,2.240607e+02,6.595137e-01,-1.756372e-02,-7.292274e-01,-8.976096e-01,1.076113e+00,3.994364e-01,-7.351013e-01,-8.200333e-01,-2.399050e+00,1.244162e+00,2.443138e+00,1.251293e+00,-7.281457e-01,-1.177593e+00,-2.077081e+00,3.076077e-01,-5.763890e-01,-1.543793e-01,-9.821272e-03,-1.821050e-01,-3.746362e-01,-1.149498e-01,-1.349261e-01,1.788473e-03,6.434625e-02,-9.915798e-04,-1.803174e-02,1.835607e-02,4.026413e-03,9.863734e-04,-9.037757e-03,-4.477668e-03,-2.459893e-02,0,1.562154e-02,0,0,0,0,0,0,0,0
428,4.280000,1.162294e-01,-3.574453e+01,-1.696942e+01,2.908632e+00,-1.812539e+01,-2.341967e+01,-2.000040e+00,-4.396423e-02,1.001191e+01,-7.810805e+00,5.640440e+00,-8.195582e+00,1.264433e+00,-1.868338e+01,8.154919e-01,-9.313996e+00,-6.132206e+00,-3.930619e+00,-3.323147e+00,-4.199112e+00,-4.936204e+00,-3.835255e+00,-2.631929e+00,-1.685582e+00,3.739089e-01,5.100148e-01,8.035412e-01,1.144132e+00,1.466091e+00,1.587723e+00,1.869348e+00,2.443789e+00,2.240607e+02,6.803344e-01,1.092480e-03,-3.950035e-01,1.326303e-01,2.389394e-01,6.760935e-01,1.379313e+00,-1.225264e+00,-1.802926e+00,1.471452e+00,8.981611e-01,5.022640e-02,-5.104905e-01,-1.073730e-01,-1.831621e+00,-2.398580e+00,-5.395182e-01,2.856045e-02,-1.919270e-03,-1.131539e-01,-1.716821e-01,5.118790e-02,-8.233102e-02,-1.348158e-01,-4.326738e-02,5.628276e-03,-8.803713e-03,2.127396e-02,7.340312e-04,-1.152645e-02,-9.231210e-03,-2.699702e-02,-3.203363e-02,0,9.497064e-03,0,0,0,0,0,0,0,0
429,4.290000,1.237805e-01,-3.549331e+01,-1.563387e+01,2.226107e+00,-1.748298e+01,-2.058145e+01,-4.503295e+00,-1.216851e+00,1.231122e+01,-1.209693e+01,4.799036e+00,-6.337578e+00,2.079921e+00,-2.166708e+01,-7.636044e+00,-8.954480e+00,-5.821038e+00,-3.798797e+00,-3.271924e+00,-3.994785e+00,-4.718946e+00,-3.776615e+00,-2.988683e+00,-1.755985e+00,3.892699e-01,5.139381e-01,7.970243e-01,1.123126e+00,1.422569e+00,1.554530e+00,1.717272e+00,2.398098e+00,2.240607e+02,6.829817e-01,4.487523e-03,-2.235947e-02,1.103900e+00,-3.050736e-01,-2.144871e-01,1.322680e+00,-9.508006e-02,6.349549e-01,1.438814e+00,-8.871248e-01,-2.043449e+00,7.521092e-01,1.307132e+00,-1.924262e+00,-3.763903e+00,-8.967417e-01,1.584887e-01,5.690622e-02,7.616675e-02,1.704119e-01,8.132825e-02,-6.240873e-02,-1.627121e-01,-1.244943e-01,9.167925e-03,5.933660e-03,-2.764291e-03,-1.301563e-03,-1.361969e-02,-8.622264e-03,-3.801668e-03,1.637003e-02,0,1.513350e-03,0,0,0,0,0,0,0,0
430,4.300000,1.320904e-01,-3.565756e+01,-1.414086e+01,2.331912e+00,-1.862501e+01,-1.850786e+01,-3.081589e+00,5.696014e-01,1.124312e+01,-1.384573e+01,3.207985e+00,-5.457762e+00,2.794449e+00,-2.263538e+01,-1.105229e+01,-1.150639e+01,-5.604027e+00,-3.811932e+00,-3.237499e+00,-3.705642e+00,-4.768273e+00,-3.937242e+00,-3.195956e+00,-1.952703e+00,3.848209e-01,5.331618e-01,7.882235e-01,1.124490e+00,1.430585e+00,1.574412e+00,1.820786e+00,2.422037e+00,2.240607e+02,6.755363e-01,-4.673557e-03,-6.475830e-03,1.418779e+00,-4.520983e-01,-8.975708e-01,1.311808e+00,1.996265e+00,3.303226e+00,1.462289e+00,-1.074652e+00,-2.717010e+00,1.372107e+00,8.509963e-01,-1.068659e+00,-3.071483e+00,-8.678096e-01,1.239971e-01,2.819753e-03,1.671177e-01,3.344282e-01,1.142874e-02,-7.957783e-02,-1.586120e-01,-1.734513e-01,8.856252e-03,1.340071e-02,-2.096992e-02,-1.348330e-02,-3.702629e-03,-7.376909e-04,2.184479e-02,4.841065e-02,0,-1.822174e-04,0,0,0,0,0,0,0,0
431,4.310000,1.234275e-01,-3.541074e+01,-1.234682e+01,2.118787e+00,-2.012587e+01,-1.867146e+01,7.415006e-01,6.948969e+00,1.447934e+01,-1.495474e+01,-4.163996e+00,-3.672119e+00,4.218235e+00,-2.487184e+01,-1.407961e+01,-1.261016e+01,-5.414070e+00,-3.783634e+00,-2.864086e+00,-3.179749e+00,-4.763155e+00,-4.005393e+00,-3.255679e+00,-2.142207e+00,4.007074e-01,5.519566e-01,7.348208e-01,1.118891e+00,1.430320e+00,1.560451e+00,1.880201e+00,2.616469e+00,2.240607e+02,6.694794e-01,-2.558827e-04,7.022171e-02,1.219408e+00,-6.826344e-01,-1.407022e+00,-1.454315e-01,2.993218e+00,3.748020e+00,6.319425e-01,6.577629e-01,-2.819063e+00,5.909635e-01,1.398729e+00,9.714063e-01,1.711987e-01,-4.163036e-01,1.871314e-02,-1.228859e-02,2.391443e-01,3.322430e-01,-1.233087e-02,-8.421500e-02,-1.546488e-02,-1.623108e-01,8.768454e-03,1.188319e-02,-2.121636e-02,-1.250066e-02,8.129358e-04,1.697404e-02,5.378930e-02,5.331964e-02,0,3.322303e-03,0,0,0,0,0,0,0,0
432,4.320000,9.303814e-02,-3.581819e+01,-1.151904e+01,7.018003e-01,-2.129181e+01,-1.781563e+01,5.358887e+00,1.238925e+01,1.623930e+01,-1.175516e+01,-3.463096e+00,-2.667776e+00,4.450258e+00,-2.242429e+01,-1.132014e+01,-1.182520e+01,-5.715704e+00,-3.924101e+00,-2.691478e+00,-2.934489e+00,-4.856956e+00,-4.118756e+00,-3.291490e+00,-2.359728e+00,4.124714e-01,5.580091e-01,7.297934e-01,1.078833e+00,1.443702e+00,1.581075e+00,1.897107e+00,2.576657e+00,2.240607e+02,6.861745e-01,5.550736e-03,1.305866e-01,7.263860e-01,-5.985939e-01,-1.672746e+00,-1.472890e+00,2.174634e+00,2.408037e+00,-9.236132e-01,8.492432e-01,-1.093435e+00,-7.787554e-01,1.721492e-02,2.525028e+00,2.319607e+00,-1.389923e-02,-3.076038e-02,1.447356e-02,2.310955e-01,2.033454e-01,-5.462570e-02,-3.618350e-02,5.192101e-02,-9.004645e-02,7.890311e-03,3.996706e-03,-1.560535e-02,-1.771882e-02,1.263550e-02,2.784185e-02,4.877325e-02,3.190482e-02,-4.742431e-03,9.997254e-03,0,0,0,0,1.491839e+01,0,0,0
433,4.330000,1.420272e-01,-3.506188e+01,-1.084774e+01,-3.720084e-01,-2.318470e+01,-2.165473e+01,6.242559e+00,1.161342e+01,1.297285e+01,-9.853398e+00,-5.960739e+00,-4.777753e+00,8.245660e+00,-1.691559e+01,-6.646125e+00,-1.087659e+01,-5.671633e+00,-3.804155e+00,-2.349213e+00,-2.719146e+00,-4.736259e+00,-4.106933e+00,-3.018240e+00,-2.364027e+00,4.192869e-01,5.609304e-01,7.201576e-01,1.083452e+00,1.420075e+00,1.636069e+00,1.948058e+00,2.587386e+00,2.240607e+02,6.942742e-01,2.194873e-02,1.139606e-01,1.419436e-01,-1.075736e-01,-1.275390e+00,-2.150334e+00,-2.629221e-01,-5.601007e-01,-2.228661e+00,7.173576e-01,1.030760e+00,-1.706701e+00,-1.268171e+00,3.316479e+00,3.163142e+00,3.080965e-01,-3.101101e-02,7.689741e-02,1.142615e-01,-4.256272e-02,-7.006226e-02,1.020799e-02,6.048233e-02,-2.365112e-03,1.402259e-03,-7.952559e-03,-7.257819e-04,-8.901775e-03,2.065904e-02,3.438292e-02,4.231043e-02,-3.539801e-03,-3.347778e-02,1.251163e-02,0,0,0,0,3.722377e+01,0,0,1.088523e-02
434,4.340000,1.505442e-01,-3.517905e+01,-1.125848e+01,5.843405e-01,-2.545933e+01,-2.438068e+01,5.041054e+00,1.027756e+01,7.378301e+00,-1.215018e+01,-1.360818e+00,-8.798722e+00,8.668108e-01,-1.398836e+01,-3.170996e+00,-1.244267e+01,-5.629047e+00,-3.729304e+00,-2.339458e+00,-2.919216e+00,-5.054850e+00,-4.067389e+00,-3.055071e+00,-2.292025e+00,4.149827e-01,5.486584e-01,7.175284e-01,1.053616e+00,1.498885e+00,1.675812e+00,2.030724e+00,2.596102e+00,2.240370e+02,7.131252e-01,1.503492e-02,-8.026161e-02,-2.448553e-01,2.911513e-01,-1.130760e-01,-1.867469e+00,-2.421115e+00,-2.615077e+00,-1.113213e+00,3.106621e-01,2.255830e+00,-8.013266e-01,-2.040876e+00,1.476671e+00,2.027169e+00,2.466763e-01,-2.457957e-02,1.340955e-01,-2.590289e-02,-2.552759e-01,-5.954585e-02,5.197508e-02,6.796313e-03,4.470496e-02,-4.220405e-03,-1.832981e-02,1.264000e-02,6.633258e-03,2.132779e-02,1.127999e-02,1.259377e-02,-2.225041e-03,-1.062332e-01,1.134749e-02,7.459196e+01,0,0,0,5.942503e+01,4.582869e-04,2.469058e-04,2.207144e-02
435,4.350000,2.044181e-01,-3.516050e+01,-1.176739e+01,1.639649e+00,-2.441906e+01,-2.614060e+01,-4.141935e-01,5.204313e+00,7.766535e+00,-1.117044e+01,-6.133389e-02,-9.140152e+00,-3.308946e-01,-1.250741e+01,-2.338475e+00,-1.076095e+01,-5.612453e+00,-3.496546e+00,-2.468788e+00,-3.400199e+00,-5.014520e+00,-3.980036e+00,-3.071477e+00,-2.187884e+00,4.064630e-01,5.168691e-01,7.373244e-01,1.086991e+00,1.506024e+00,1.684996e+00,2.024945e+00,2.589047e+00,2.239052e+02,7.185622e-01,4.367322e-03,-3.387730e-01,-3.759627e-01,2.426100e-01,8.054411e-01,-2.926138e-01,-3.050494e+00,-3.126332e+00,1.461241e+00,8.973820e-01,3.165006e+00,1.205101e+00,-1.102049e+00,-1.038493e+00,-1.851070e-02,5.605898e-01,-1.012048e-01,1.531020e-01,-1.280182e-01,-3.257197e-01,-1.366282e-02,1.782403e-02,-8.508301e-02,4.113388e-02,-7.468096e-03,-2.199592e-02,2.499962e-02,1.316212e-02,6.924164e-03,-1.432023e-02,-1.264601e-02,-6.666136e-03,-2.200928e-01,8.152181e-03,1.488229e+02,0,0,5.442615e-02,5.918788e+01,1.401027e-03,7.446854e-04,2.641677e-02
436,4.360000,1.370173e-01,-3.617019e+01,-1.228349e+01,1.151728e+00,-2.124001e+01,-2.491003e+01,-3.418314e+00,2.518428e+00,1.327639e+01,-9.543327e+00,4.866350e+00,-4.493209e+00,-1.465848e+00,-1.724502e+01,-3.338116e+00,-1.064964e+01,-5.868192e+00,-3.407428e+00,-2.761204e+00,-3.870341e+00,-5.015555e+00,-3.922329e+00,-3.230890e+00,-2.224274e+00,3.977814e-01,4.883907e-01,7.844099e-01,1.110230e+00,1.507367e+00,1.613011e+00,1.921632e+00,2.564701e+00,2.236073e+02,7.307679e-01,-5.344778e-03,-3.364593e-01,-2.178935e-01,-7.102068e-02,8.353721e-01,2.299574e-01,-2.297838e+00,-2.719101e+00,3.208966e+00,1.589193e+00,1.631039e+00,1.909815e+00,1.702184e+00,-1.815475e+00,-1.262151e+00,8.875067e-01,-1.283541e-01,1.353222e-01,-9.380324e-02,-2.216096e-01,6.635408e-02,-4.773800e-02,-8.493471e-02,3.395991e-02,-6.544909e-03,-1.626908e-02,2.242183e-02,1.509281e-02,-2.435745e-02,-2.802889e-02,-2.919194e-02,-5.195713e-03,-3.102158e-01,3.276086e-03,2.227137e+02,2.291435e-03,1.234529e-03,8.314413e-02,3.666804e+01,2.471423e-03,1.306176e-03,1.229921e-02
437,4.370000,1.706273e-01,-3.626018e+01,-1.221504e+01,5.573480e-01,-2.126715e+01,-2.285312e+01,-4.780227e+00,-1.386721e-01,1.733001e+01,-6.669916e+00,6.750708e+00,-9.050064e-01,3.901744e+00,-2.047972e+01,-6.655118e+00,-8.970156e+00,-6.058084e+00,-3.199583e+00,-2.778431e+00,-3.872182e+00,-4.824221e+00,-4.090343e+00,-3.355745e+00,-2.192233e+00,3.905471e-01,4.810847e-01,8.117149e-01,1.120956e+00,1.450455e+00,1.595868e+00,1.939374e+00,2.569756e+00,2.231751e+02,7.262138e-01,-8.282629e-03,-2.048485e-01,-2.251031e-01,8.104711e-02,-1.592487e-01,-3.267382e-01,-1.141423e+00,-1.281953e+00,2.053855e+00,5.292809e-01,-2.902117e-01,3.015721e-01,1.739145e+00,-2.011049e+00,-1.111584e+00,5.690759e-01,-7.314463e-02,7.969598e-02,-9.187317e-03,-7.342117e-02,1.323700e-02,-8.483066e-02,-3.863711e-02,4.652443e-02,-4.934245e-03,-6.392273e-03,-4.241067e-03,-5.430317e-03,-3.875383e-02,-2.756113e-02,-4.006488e-02,-1.939921e-02,-3.180908e-01,2.779186e-04,2.218785e+02,5.859420e-03,3.106163e-03,9.051176e-02,1.435855e+01,2.854388e-03,1.497307e-03,-1.043374e-02
438,4.380000,1.407157e-01,-3.631151e+01,-1.212412e+01,7.703878e-01,-2.285842e+01,-2.487464e+01,-4.265121e+00,-6.464528e-01,1.864140e+01,-6.454481e+00,3.388354e+00,-3.367219e+00,7.261414e+00,-1.907958e+01,-7.323427e+00,-8.900533e+00,-6.048002e+00,-3.201174e+00,-2.653653e+00,-3.791273e+00,-4.818229e+00,-4.250926e+00,-3.337610e+00,-2.120051e+00,3.902161e-01,4.852053e-01,7.924423e-01,1.112098e+00,1.404882e+00,1.580232e+00,1.927550e+00,2.579769e+00,2.228510e+02,7.256799e-01,3.880526e-03,2.583046e-02,-2.135743e-01,3.845861e-01,-9.471119e-01,-1.070278e+00,-5.476859e-01,-3.767219e-01,2.177140e-01,-4.448805e-01,-1.880359e+00,-1.469444e+00,1.103355e+00,-9.966366e-01,-4.379867e-01,3.899071e-01,1.296535e-02,4.108615e-02,5.953381e-02,1.923466e-02,-2.856622e-02,-7.846723e-02,1.836183e-02,6.186623e-02,-2.938658e-03,1.635343e-04,-2.442261e-02,-1.646987e-02,-3.746980e-02,-1.311488e-02,-3.176534e-02,-2.456074e-02,-2.311020e-01,-2.026218e-03,2.214043e+02,9.427405e-03,4.977797e-03,4.345323e-02,-3.494995e-01,2.166957e-03,1.126949e-03,-1.904914e-02
439,4.390000,1.611557e-01,-3.611408e+01,-1.297259e+01,2.235555e+00,-2.440610e+01,-2.779199e+01,-5.697905e+00,3.769886e-01,1.535331e+01,-1.006846e+01,-7.733948e-01,-8.195287e+00,4.001200e+00,-2.164538e+01,-5.903739e+00,-8.790123e+00,-5.888272e+00,-3.201193e+00,-2.568501e+00,-3.806839e+00,-5.046998e+00,-4.239891e+00,-3.211303e+00,-2.007373e+00,3.855744e-01,4.865005e-01,7.121029e-01,1.058905e+00,1.363497e+00,1.563580e+00,1.821662e+00,2.484517e+00,2.226929e+02,7.224958e-01,1.496851e-04,4.896278e-02,-2.363567e-01,4.821581e-01,-7.825562e-01,-1.279510e+00,-3.268138e-01,2.054763e-01,-7.241494e-01,-1.041106e+00,-1.920995e+00,-1.940863e+00,-3.061303e-01,-4.897116e-01,2.922445e-01,4.704752e-02,4.993553e-02,-3.236771e-04,5.050128e-02,1.151185e-02,-6.743221e-02,-2.880616e-02,4.151933e-02,4.823976e-02,-1.458707e-03,1.212674e-03,-2.795634e-02,-1.772929e-02,-2.153010e-02,-8.122742e-03,-3.413128e-02,-2.657313e-02,-1.122452e-01,-1.062000e-03,2.212703e+02,1.070395e-02,5.614902e-03,2.210288e-02,-1.350464e-01,1.096562e-03,5.654584e-04,-1.581681e-02
